particle 1
0.0000000000 -2.0000000000
0.0100100000 -1.9799600000
0.0200000000 -1.9599800000
0.0300000000 -1.9399800000
0.0400000000 -1.9199800000
0.0500000000 -1.8999800000
0.0600000000 -1.8799800000
0.0700000000 -1.8599800000
0.0800000000 -1.8399800000
0.0900000000 -1.8199800000
0.1000000000 -1.7999800000
0.1100000000 -1.7799800000
0.1200000000 -1.7599800000
0.1300000000 -1.7399800000
0.1400000000 -1.7199800000
0.1500000000 -1.6999800000
0.1600000000 -1.6799800000
0.1700000000 -1.6599800000
0.1800000000 -1.6399800000
0.1900000000 -1.6199800000
0.2000000000 -1.5999800000
0.2100000000 -1.5799800000
0.2200000000 -1.5599800000
0.2300000000 -1.5399800000
0.2400000000 -1.5199800000
0.2500000000 -1.4999800000
0.2600000000 -1.4799800000
0.2700000000 -1.4599800000
0.2800000000 -1.4399800000
0.2900000000 -1.4199800000
0.3000000000 -1.3999800000
0.3100000000 -1.3799800000
0.3200000000 -1.3599800000
0.3300000000 -1.3399800000
0.3400000000 -1.3199800000
0.3500000000 -1.2999800000
0.3600000000 -1.2799800000
0.3700000000 -1.2599800000
0.3800000000 -1.2399800000
0.3900000000 -1.2199800000
0.4000000000 -1.1999800000
0.4100000000 -1.1799800000
0.4200000000 -1.1599800000
0.4300000000 -1.1399800000
0.4400000000 -1.1199800000
0.4500000000 -1.0999800000
0.4600000000 -1.0799800000
0.4700000000 -1.0599800000
0.4800000000 -1.0399800000
0.4900000000 -1.0199800000
0.5000000000 -0.9999800000
0.5100000000 -0.9799800000
0.5200000000 -0.9599800000
0.5300000000 -0.9399800000
0.5400000000 -0.9199800000
0.5500000000 -0.8999800000
0.5600000000 -0.8799800000
0.5700000000 -0.8599800000
0.5800000000 -0.8399800000
0.5900000000 -0.8199800000
0.6000000000 -0.7999800000
0.6100000000 -0.7799800000
0.6200000000 -0.7599800000
0.6300000000 -0.7399800000
0.6400000000 -0.7199800000
0.6500000000 -0.6999800000
0.6600000000 -0.6799800000
0.6700000000 -0.6599800000
0.6800000000 -0.6399800000
0.6900000000 -0.6199800000
0.7000000000 -0.5999800000
0.7100000000 -0.5799800000
0.7200000000 -0.5599800000
0.7300000000 -0.5399800000
0.7400000000 -0.5199800000
0.7500000000 -0.4999800000
0.7600000000 -0.4820815572
0.7700000000 -0.4712289238
0.7800000000 -0.4696086634
0.7900000000 -0.4765954352
0.8000000000 -0.4892524736
0.8100000000 -0.5036176039
0.8200000000 -0.5180112359
0.8300000000 -0.5324048679
0.8400000000 -0.5467985000
0.8500000000 -0.5611921320
0.8600000000 -0.5755857640
0.8700000000 -0.5899793960
0.8800000000 -0.6043730280
0.8900000000 -0.6187666600
0.9000000000 -0.6331602920
0.9100000000 -0.6475539240
0.9200000000 -0.6619475560
0.9300000000 -0.6763411880
0.9400000000 -0.6907348200
0.9500000000 -0.7051284520
0.9600000000 -0.7195220840
0.9700000000 -0.7339157160
0.9800000000 -0.7483093480
0.9900000000 -0.7627029800
1.0000000000 -0.7770966120
1.0100000000 -0.7914902440
1.0200000000 -0.8058838760
1.0300000000 -0.8202775080
1.0400000000 -0.8346711400
1.0500000000 -0.8490647720
1.0600000000 -0.8634584040
1.0700000000 -0.8778520360
1.0800000000 -0.8922456680
1.0900000000 -0.9066393000
1.1000000000 -0.9210329320
1.1100000000 -0.9354265640
1.1200000000 -0.9498201960
1.1300000000 -0.9642138280
1.1400000000 -0.9786074600
1.1500000000 -0.9930010920
1.1600000000 -1.0073947240
1.1700000000 -1.0217883561
1.1800000000 -1.0361819881
1.1900000000 -1.0505756201
1.2000000000 -1.0649692521
1.2100000000 -1.0793628841
1.2200000000 -1.0937565161
1.2300000000 -1.1081501481
1.2400000000 -1.1225437801
1.2500000000 -1.1369374121
1.2600000000 -1.1513310441
1.2700000000 -1.1657246761
1.2800000000 -1.1801183081
1.2900000000 -1.1945119401
1.3000000000 -1.2089055721
1.3100000000 -1.2232992041
1.3200000000 -1.2376928361
1.3300000000 -1.2520864681
1.3400000000 -1.2664801001
1.3500000000 -1.2808737321
1.3600000000 -1.2952673641
1.3700000000 -1.3096609961
1.3800000000 -1.3240546281
1.3900000000 -1.3384482601
1.4000000000 -1.3528418921
1.4100000000 -1.3672355241
1.4200000000 -1.3816291561
1.4300000000 -1.3960227881
1.4400000000 -1.4104164201
1.4500000000 -1.4248100521
1.4600000000 -1.4392036841
1.4700000000 -1.4535973161
1.4800000000 -1.4679909481
1.4900000000 -1.4823845802
1.5000000000 -1.4967782122
1.5100000000 -1.5111718442
1.5200000000 -1.5255654762
1.5300000000 -1.5399591082
1.5400000000 -1.5543527402
1.5500000000 -1.5687463722
1.5600000000 -1.5831400042
1.5700000000 -1.5975336362
1.5800000000 -1.6119272682
1.5900000000 -1.6263209002
1.6000000000 -1.6407145322
1.6100000000 -1.6551081642
1.6200000000 -1.6695017962
1.6300000000 -1.6838954282
1.6400000000 -1.6982890602
1.6500000000 -1.7126826922
1.6600000000 -1.7270763242
1.6700000000 -1.7414699562
1.6800000000 -1.7558635882
1.6900000000 -1.7702572202
1.7000000000 -1.7846508522
1.7100000000 -1.7990444842
1.7200000000 -1.8134381162
1.7300000000 -1.8278317482
1.7400000000 -1.8422253802
1.7500000000 -1.8566190122
1.7600000000 -1.8710126442
1.7700000000 -1.8854062762
1.7800000000 -1.8997999082
1.7900000000 -1.9141935402
1.8000000000 -1.9285871723
1.8100000000 -1.9429808043
1.8200000000 -1.9573744363
1.8300000000 -1.9717680683
1.8400000000 -1.9861617003
1.8500000000 -2.0005553323
1.8600000000 -2.0149489643
1.8700000000 -2.0293425963
1.8800000000 -2.0437362283
1.8900000000 -2.0581298603
1.9000000000 -2.0725234923
1.9100000000 -2.0869171243
1.9200000000 -2.1013107563
1.9300000000 -2.1157043883
1.9400000000 -2.1300980203
1.9500000000 -2.1444916523
1.9600000000 -2.1588852843
1.9700000000 -2.1732789163
1.9800000000 -2.1876725483
1.9900000000 -2.2020661803
2.0000000000 -2.2164454187

