particle 1
0.0000000000 -9.8100000000
0.0500000000 -9.8100000000
0.1000000000 -9.8100000000
0.1500000000 -9.8100000000
0.2000000000 -9.8100000000
0.2500000000 -9.8100000000
0.3000000000 -9.8100000000
0.3500000000 -9.8100000000
0.4000000000 -9.8100000000
0.4500000000 -9.8100000000
0.5000000000 -9.8100000000
0.5500000000 -9.8100000000
0.6000000000 191.5599121797
0.6500000000 -9.8100000000
0.7000000000 -9.8100000000
0.7500000000 -9.8100000000
0.8000000000 -9.8100000000
0.8500000000 -9.8100000000
0.9000000000 -9.8100000000
0.9500000000 -9.8100000000
1.0000000000 -9.8100000000
1.0500000000 -9.8100000000
1.1000000000 -9.8100000000
1.1500000000 -9.8100000000
1.2000000000 -9.8100000000
1.2500000000 -9.8100000000
1.3000000000 -9.8100000000
1.3500000000 -9.8100000000
1.4000000000 -9.8100000000
1.4500000000 -9.8100000000
1.5000000000 -9.8100000000
1.5500000000 -9.8100000000
1.6000000000 -9.8100000000
1.6500000000 86.8033685797
1.7000000000 118.6468613006
1.7500000000 -9.8100000000
1.8000000000 -9.8100000000
1.8500000000 -9.8100000000
1.9000000000 -9.8100000000
1.9500000000 -9.8100000000
2.0000000000 -9.8100000000
2.0500000000 -9.8100000000
2.1000000000 -9.8100000000
2.1500000000 -9.8100000000
2.2000000000 -9.8100000000
2.2500000000 -9.8100000000
2.3000000000 -9.8100000000
2.3500000000 -9.8100000000
2.4000000000 -9.8100000000
2.4500000000 -9.8100000000
2.5000000000 -9.8100000000
2.5500000000 -9.8100000000
2.6000000000 -9.8100000000
2.6500000000 124.3974223958
2.7000000000 58.7081031786
2.7500000000 -9.8100000000
2.8000000000 -9.8100000000
2.8500000000 -9.8100000000
2.9000000000 -9.8100000000
2.9500000000 -9.8100000000
3.0000000000 -9.8100000000
3.0500000000 -9.8100000000
3.1000000000 -9.8100000000
3.1500000000 -9.8100000000
3.2000000000 -9.8100000000
3.2500000000 -9.8100000000
3.3000000000 -9.8100000000
3.3500000000 -9.8100000000
3.4000000000 -9.8100000000
3.4500000000 -9.8100000000
3.5000000000 -9.8100000000
3.5500000000 98.7158490236
3.6000000000 70.7065259772
3.6500000000 -9.8100000000
3.7000000000 -9.8100000000
3.7500000000 -9.8100000000
3.8000000000 -9.8100000000
3.8500000000 -9.8100000000
3.9000000000 -9.8100000000
3.9500000000 -9.8100000000
4.0000000000 -9.8100000000
4.0500000000 -9.8100000000
4.1000000000 -9.8100000000
4.1500000000 -9.8100000000
4.2000000000 -9.8100000000
4.2500000000 -9.8100000000
4.3000000000 -9.8100000000
4.3500000000 -9.8100000000
4.4000000000 119.7809070194
4.4500000000 -9.8100000000
4.5000000000 -9.8100000000
4.5500000000 -9.8100000000
4.6000000000 -9.8100000000
4.6500000000 -9.8100000000
4.7000000000 -9.8100000000
4.7500000000 -9.8100000000
4.8000000000 -9.8100000000
4.8500000000 -9.8100000000
4.9000000000 -9.8100000000
4.9500000000 -9.8100000000
5.0000000000 -9.8100000000
5.0500000000 -9.8100000000
5.1000000000 -9.8100000000
5.1500000000 106.4802387251
5.2000000000 -9.8100000000
5.2500000000 -9.8100000000
5.3000000000 -9.8100000000
5.3500000000 -9.8100000000
5.4000000000 -9.8100000000
5.4500000000 -9.8100000000
5.5000000000 -9.8100000000
5.5500000000 -9.8100000000
5.6000000000 -9.8100000000
5.6500000000 -9.8100000000
5.7000000000 -9.8100000000
5.7500000000 -9.8100000000
5.8000000000 35.3806678145
5.8500000000 81.1806610260
5.9000000000 -9.8100000000
5.9500000000 -9.8100000000
6.0000000000 -9.8100000000
6.0500000000 -9.8100000000
6.1000000000 -9.8100000000
6.1500000000 -9.8100000000
6.2000000000 -9.8100000000
6.2500000000 -9.8100000000
6.3000000000 -9.8100000000
6.3500000000 -9.8100000000
6.4000000000 -9.8100000000
6.4500000000 74.7328470318
6.5000000000 28.8090341216
6.5500000000 -9.8100000000
6.6000000000 -9.8100000000
6.6500000000 -9.8100000000
6.7000000000 -9.8100000000
6.7500000000 -9.8100000000
6.8000000000 -9.8100000000
6.8500000000 -9.8100000000
6.9000000000 -9.8100000000
6.9500000000 -9.8100000000
7.0000000000 21.6801655423
7.0500000000 66.9498618697
7.1000000000 -9.8100000000
7.1500000000 -9.8100000000
7.2000000000 -9.8100000000
7.2500000000 -9.8100000000
7.3000000000 -9.8100000000
7.3500000000 -9.8100000000
7.4000000000 -9.8100000000
7.4500000000 -9.8100000000
7.5000000000 -9.8100000000
7.5500000000 54.8276031991
7.6000000000 29.9762199936
7.6500000000 -9.8100000000
7.7000000000 -9.8100000000
7.7500000000 -9.8100000000
7.8000000000 -9.8100000000
7.8500000000 -9.8100000000
7.9000000000 -9.8100000000
7.9500000000 -9.8100000000
8.0000000000 0.2704246728
8.0500000000 54.3859638837
8.1000000000 1.8701899223
8.1500000000 -9.8100000000
8.2000000000 -9.8100000000
8.2500000000 -9.8100000000
8.3000000000 -9.8100000000
8.3500000000 -9.8100000000
8.4000000000 -9.8100000000
8.4500000000 10.1251439232
8.5000000000 46.1971828748
8.5500000000 -4.0078016033
8.6000000000 -9.8100000000
8.6500000000 -9.8100000000
8.7000000000 -9.8100000000
8.7500000000 -9.8100000000
8.8000000000 -9.8100000000
8.8500000000 -1.4759431714
8.9000000000 40.1803045317
8.9500000000 8.7997802228
9.0000000000 -9.8100000000
9.0500000000 -9.8100000000
9.1000000000 -9.8100000000
9.1500000000 -9.8100000000
9.2000000000 -9.8100000000
9.2500000000 20.9070567299
9.3000000000 29.9153769336
9.3500000000 -9.8100000000
9.4000000000 -9.8100000000
9.4500000000 -9.8100000000
9.5000000000 -9.8100000000
9.5500000000 -9.8100000000
9.6000000000 17.7870688247
9.6500000000 25.9869452229
9.7000000000 -7.4782717576
9.7500000000 -9.8100000000
9.8000000000 -9.8100000000
9.8500000000 -9.8100000000
9.9000000000 -2.1987377151
9.9500000000 23.7785723632
10.0000000000 12.0018524980

