particle 1
0.0000000000 -0.0009810000
0.0500000000 -0.4914810000
0.1000000000 -0.9819810000
0.1500000000 -1.4724810000
0.2000000000 -1.9629810000
0.2500000000 -2.4534810000
0.3000000000 -2.9439810000
0.3500000000 -3.4344810000
0.4000000000 -3.9249810000
0.4500000000 -4.4154810000
0.5000000000 -4.9059810000
0.5500000000 -5.3964810000
0.6000000000 1.1653403256
0.6500000000 4.7781093763
0.7000000000 4.2876093763
0.7500000000 3.7971093763
0.8000000000 3.3066093763
0.8500000000 2.8161093763
0.9000000000 2.3256093763
0.9500000000 1.8351093763
1.0000000000 1.3446093763
1.0500000000 0.8541093763
1.1000000000 0.3636093763
1.1500000000 -0.1268906237
1.2000000000 -0.6173906237
1.2500000000 -1.1078906237
1.3000000000 -1.5983906237
1.3500000000 -2.0888906237
1.4000000000 -2.5793906237
1.4500000000 -3.0698906237
1.5000000000 -3.5603906237
1.5500000000 -4.0508906237
1.6000000000 -4.5413906237
1.6500000000 -4.3296000292
1.7000000000 3.2141836410
1.7500000000 4.1654680866
1.8000000000 3.6749680866
1.8500000000 3.1844680866
1.9000000000 2.6939680866
1.9500000000 2.2034680866
2.0000000000 1.7129680866
2.0500000000 1.2224680866
2.1000000000 0.7319680866
2.1500000000 0.2414680866
2.2000000000 -0.2490319134
2.2500000000 -0.7395319134
2.3000000000 -1.2300319134
2.3500000000 -1.7205319134
2.4000000000 -2.2110319134
2.4500000000 -2.7015319134
2.5000000000 -3.1920319134
2.5500000000 -3.6825319134
2.6000000000 -4.1730319134
2.6500000000 -2.8115308271
2.7000000000 3.7022242992
2.7500000000 3.6433628883
2.8000000000 3.1528628883
2.8500000000 2.6623628883
2.9000000000 2.1718628883
2.9500000000 1.6813628883
3.0000000000 1.1908628883
3.0500000000 0.7003628883
3.1000000000 0.2098628883
3.1500000000 -0.2806371117
3.2000000000 -0.7711371117
3.2500000000 -1.2616371117
3.3000000000 -1.7521371117
3.3500000000 -2.2426371117
3.4000000000 -2.7331371117
3.4500000000 -3.2236371117
3.5000000000 -3.7141371117
3.5500000000 -2.8763430034
3.6000000000 3.0667466675
3.6500000000 3.2887352017
3.7000000000 2.7982352017
3.7500000000 2.3077352017
3.8000000000 1.8172352017
3.8500000000 1.3267352017
3.9000000000 0.8362352017
3.9500000000 0.3457352017
4.0000000000 -0.1447647983
4.0500000000 -0.6352647983
4.1000000000 -1.1257647983
4.1500000000 -1.6162647983
4.2000000000 -2.1067647983
4.2500000000 -2.5972647983
4.3000000000 -3.0877647983
4.3500000000 -3.5782647983
4.4000000000 0.3778757452
4.4500000000 3.1715005556
4.5000000000 2.6810005556
4.5500000000 2.1905005556
4.6000000000 1.7000005556
4.6500000000 1.2095005556
4.7000000000 0.7190005556
4.7500000000 0.2285005556
4.8000000000 -0.2619994444
4.8500000000 -0.7524994444
4.9000000000 -1.2429994444
4.9500000000 -1.7334994444
5.0000000000 -2.2239994444
5.0500000000 -2.7144994444
5.1000000000 -3.2049994444
5.1500000000 0.1098079283
5.2000000000 2.8738181056
5.2500000000 2.3833181056
5.3000000000 1.8928181056
5.3500000000 1.4023181056
5.4000000000 0.9118181056
5.4500000000 0.4213181056
5.5000000000 -0.0691818944
5.5500000000 -0.5596818944
5.6000000000 -1.0501818944
5.6500000000 -1.5406818944
5.7000000000 -2.0311818944
5.7500000000 -2.5216818944
5.8000000000 -2.7055159418
5.8500000000 1.2301866695
5.9000000000 2.4610701128
5.9500000000 1.9705701128
6.0000000000 1.4800701128
6.0500000000 0.9895701128
6.1000000000 0.4990701128
6.1500000000 0.0085701128
6.2000000000 -0.4819298872
6.2500000000 -0.9724298872
6.3000000000 -1.4629298872
6.3500000000 -1.9534298872
6.4000000000 -2.4439298872
6.4500000000 -1.1906374367
6.5000000000 2.1919119875
6.5500000000 1.9902656067
6.6000000000 1.4997656067
6.6500000000 1.0092656067
6.7000000000 0.5187656067
6.7500000000 0.0282656067
6.8000000000 -0.4622343933
6.8500000000 -0.9527343933
6.9000000000 -1.4432343933
6.9500000000 -1.9337343933
7.0000000000 -2.2266080191
7.0500000000 0.6840922056
7.1000000000 2.0041964127
7.1500000000 1.5136964127
7.2000000000 1.0231964127
7.2500000000 0.5326964127
7.3000000000 0.0421964127
7.3500000000 -0.4483035873
7.4000000000 -0.9388035873
7.4500000000 -1.4293035873
7.5000000000 -1.9198035873
7.5500000000 -1.0737671255
7.6000000000 1.6271128255
7.6500000000 1.5687685302
7.7000000000 1.0782685302
7.7500000000 0.5877685302
7.8000000000 0.0972685302
7.8500000000 -0.3932314698
7.9000000000 -0.8837314698
7.9500000000 -1.3742314698
8.0000000000 -1.8417337645
8.0500000000 -0.0808432453
8.1000000000 1.6646968164
8.1500000000 1.2163682832
8.2000000000 0.7258682832
8.2500000000 0.2353682832
8.3000000000 -0.2551317168
8.3500000000 -0.7456317168
8.4000000000 -1.2361317168
8.4500000000 -1.5952083139
8.5000000000 0.1826688051
8.5500000000 1.4684769193
8.6000000000 0.9903872834
8.6500000000 0.4998872834
8.7000000000 0.0093872834
8.7500000000 -0.4811127166
8.8000000000 -0.9716127166
8.8500000000 -1.4382161444
8.9000000000 -0.2227644850
8.9500000000 1.2672146410
9.0000000000 0.9296009206
9.0500000000 0.4391009206
9.1000000000 -0.0513990794
9.1500000000 -0.5418990794
9.2000000000 -1.0323990794
9.2500000000 -1.0235587097
9.3000000000 0.5260360075
9.3500000000 1.0728458649
9.4000000000 0.5823458649
9.4500000000 0.0918458649
9.5000000000 -0.3986541351
9.5500000000 -0.8891541351
9.6000000000 -0.8950757912
9.6500000000 0.4235839818
9.7000000000 0.9615975592
9.7500000000 0.4747261667
9.8000000000 -0.0157738333
9.8500000000 -0.5062738333
9.9000000000 -0.9577557345
9.9500000000 -0.3047842641
10.0000000000 0.7500577890

