particle 1
0.0000000000 2.0000000000
0.0500000000 1.9877129750
0.1000000000 1.9509009500
0.1500000000 1.8895639250
0.2000000000 1.8037019000
0.2500000000 1.6933148750
0.3000000000 1.5584028500
0.3500000000 1.3989658250
0.4000000000 1.2150038000
0.4500000000 1.0065167750
0.5000000000 0.7735047500
0.5500000000 0.5159677250
0.6000000000 0.3626065639
0.6500000000 0.5627330519
0.7000000000 0.7894005458
0.7500000000 0.9915430396
0.8000000000 1.1691605334
0.8500000000 1.3222530272
0.9000000000 1.4508205210
0.9500000000 1.5548630148
1.0000000000 1.6343805086
1.0500000000 1.6893730025
1.1000000000 1.7198404963
1.1500000000 1.7257829901
1.2000000000 1.7072004839
1.2500000000 1.6640929777
1.3000000000 1.5964604715
1.3500000000 1.5043029653
1.4000000000 1.3876204592
1.4500000000 1.2464129530
1.5000000000 1.0806804468
1.5500000000 0.8904229406
1.6000000000 0.6756404344
1.6500000000 0.4395695763
1.7000000000 0.4046309132
1.7500000000 0.6145892425
1.8000000000 0.8106246718
1.8500000000 0.9821351011
1.9000000000 1.1291205304
1.9500000000 1.2515809598
2.0000000000 1.3495163891
2.0500000000 1.4229268184
2.1000000000 1.4718122478
2.1500000000 1.4961726771
2.2000000000 1.4960081064
2.2500000000 1.4713185358
2.3000000000 1.4221039651
2.3500000000 1.3483643944
2.4000000000 1.2500998238
2.4500000000 1.1273102531
2.5000000000 0.9799956824
2.5500000000 0.8081561118
2.6000000000 0.6117915411
2.6500000000 0.4068812542
2.7000000000 0.4436677387
2.7500000000 0.6362921943
2.8000000000 0.8062223637
2.8500000000 0.9516275331
2.9000000000 1.0725077025
2.9500000000 1.1688628719
3.0000000000 1.2406930413
3.0500000000 1.2879982108
3.1000000000 1.3107783802
3.1500000000 1.3090335496
3.2000000000 1.2827637190
3.2500000000 1.2319688884
3.3000000000 1.1566490579
3.3500000000 1.0568042273
3.4000000000 0.9324343967
3.4500000000 0.7835395661
3.5000000000 0.6101197355
3.5500000000 0.4224685391
3.6000000000 0.4333809588
3.6500000000 0.6059089609
3.7000000000 0.7581077460
3.7500000000 0.8857815311
3.8000000000 0.9889303162
3.8500000000 1.0675541013
3.9000000000 1.1216528863
3.9500000000 1.1512266714
4.0000000000 1.1562754565
4.0500000000 1.1367992416
4.1000000000 1.0927980267
4.1500000000 1.0242718118
4.2000000000 0.9312205968
4.2500000000 0.8136443819
4.3000000000 0.6715431670
4.3500000000 0.5049169521
4.4000000000 0.3964807601
4.4500000000 0.5176151112
4.5000000000 0.6639521640
4.5500000000 0.7857642168
4.6000000000 0.8830512695
4.6500000000 0.9558133223
4.7000000000 1.0040503751
4.7500000000 1.0277624279
4.8000000000 1.0269494807
4.8500000000 1.0016115334
4.9000000000 0.9517485862
4.9500000000 0.8773606390
5.0000000000 0.7784476918
5.0500000000 0.6550097446
5.1000000000 0.5070467973
5.1500000000 0.4034932685
5.2000000000 0.5058881367
5.2500000000 0.6373410670
5.3000000000 0.7442689973
5.3500000000 0.8266719275
5.4000000000 0.8845498578
5.4500000000 0.9179027881
5.5000000000 0.9267307184
5.5500000000 0.9110336486
5.6000000000 0.8708115789
5.6500000000 0.8060645092
5.7000000000 0.7167924395
5.7500000000 0.6029953698
5.8000000000 0.4659894906
5.8500000000 0.4190258351
5.9000000000 0.5337576765
5.9500000000 0.6445732071
6.0000000000 0.7308637377
6.0500000000 0.7926292684
6.1000000000 0.8298697990
6.1500000000 0.8425853297
6.2000000000 0.8307758603
6.2500000000 0.7944413909
6.3000000000 0.7335819216
6.3500000000 0.6481974522
6.4000000000 0.5382879829
6.4500000000 0.4258835812
6.5000000000 0.4609026730
6.5500000000 0.5712500454
6.6000000000 0.6585253508
6.6500000000 0.7212756561
6.7000000000 0.7595009615
6.7500000000 0.7732012668
6.8000000000 0.7623765721
6.8500000000 0.7270268775
6.9000000000 0.6671521828
6.9500000000 0.5827524881
7.0000000000 0.4746086774
7.0500000000 0.4261250784
7.1000000000 0.5121668323
7.1500000000 0.6001386779
7.2000000000 0.6635855235
7.2500000000 0.7025073692
7.3000000000 0.7169042148
7.3500000000 0.7067760604
7.4000000000 0.6721229061
7.4500000000 0.6129447517
7.5000000000 0.5292415973
7.5500000000 0.4381224548
7.6000000000 0.4573125144
7.6500000000 0.5449126173
7.7000000000 0.6111130688
7.7500000000 0.6527885203
7.8000000000 0.6699389718
7.8500000000 0.6625644234
7.9000000000 0.6306648749
7.9500000000 0.5742403264
8.0000000000 0.4933208716
8.0500000000 0.4334693104
8.1000000000 0.4844321410
8.1500000000 0.5574330199
8.2000000000 0.6060134591
8.2500000000 0.6300688983
8.3000000000 0.6295993374
8.3500000000 0.6046047766
8.4000000000 0.5550852157
8.4500000000 0.4815944682
8.5000000000 0.4384243284
8.5500000000 0.4905518490
8.6000000000 0.5523396713
8.6500000000 0.5896210604
8.7000000000 0.6023774496
8.7500000000 0.5906088388
8.8000000000 0.5543152279
8.8500000000 0.4935372217
8.9000000000 0.4429751325
8.9500000000 0.4758350572
9.0000000000 0.5337535491
9.0500000000 0.5679956202
9.1000000000 0.5777126912
9.1500000000 0.5629047622
9.2000000000 0.5235718333
9.2500000000 0.4649329468
9.3000000000 0.4505097963
9.3500000000 0.4993136891
9.4000000000 0.5407180073
9.4500000000 0.5575973256
9.5000000000 0.5499516438
9.5500000000 0.5177809621
9.6000000000 0.4665503728
9.6500000000 0.4529598129
9.7000000000 0.4947809967
9.7500000000 0.5308003110
9.8000000000 0.5422986443
9.8500000000 0.5292719777
9.9000000000 0.4918455701
9.9500000000 0.4546797637
10.0000000000 0.4683106769

