particle 1
0.0000000000 35309.7257171167
0.1000000000 33737.8808572939
0.2000000000 32290.2442660873
0.3000000000 30951.5566994410
0.4000000000 29708.6280051595
0.5000000000 28550.0609312030
0.6000000000 27466.0107987352
0.7000000000 26447.9764789624
0.8000000000 25488.6186848073
0.9000000000 24581.6020893894
1.0000000000 23721.4582218973
1.1000000000 22903.4664754378
1.2000000000 22123.5508976094
1.3000000000 21378.1907287600
1.4000000000 20664.3429103779
1.5000000000 19979.3750113655
1.6000000000 19321.0072170520
1.7000000000 18687.2621982092
1.8000000000 18076.4218281281
1.9000000000 17486.9898476571
2.0000000000 16917.6596933617
2.1000000000 16367.2868047218
2.2000000000 15834.8648143124
2.3000000000 15319.5051018344
2.4000000000 14820.4192600379
2.5000000000 14336.9040792476
2.6000000000 13868.3287084130
2.7000000000 13414.1236952989
2.8000000000 12973.7716474303
2.9000000000 12546.7992894131
3.0000000000 12132.7707219123
3.1000000000 11731.2817134106
3.2000000000 11341.9548783920
3.3000000000 10964.4356152072
3.4000000000 10598.3886939499
3.5000000000 10243.4953995252
3.6000000000 9899.4511480164
3.7000000000 9565.9635056841
3.8000000000 9242.7505496887
3.9000000000 8929.5395180981
4.0000000000 8626.0657040947
4.1000000000 8332.0715556718
4.2000000000 8047.3059476252
4.3000000000 7771.5235974392
4.4000000000 7504.4846007905
4.5000000000 7245.9540659816
4.6000000000 6995.7018296928
4.7000000000 6753.5022391101
4.8000000000 6519.1339877823
4.9000000000 6292.3799945296
5.0000000000 6073.0273164288
5.1000000000 5860.8670883538
5.2000000000 5655.6944827952
5.3000000000 5457.3086847573
5.4000000000 5265.5128774308
5.5000000000 5080.1142351270
5.6000000000 4900.9239206078
5.7000000000 4727.7570845135
5.8000000000 4560.4328650549
5.9000000000 4398.7743865409
6.0000000000 4242.6087556410
6.1000000000 4091.7670545612
6.2000000000 3946.0843305497
6.3000000000 3805.3995813308
6.4000000000 3669.5557362306
6.5000000000 3538.3996328813
6.6000000000 3411.7819894979
6.7000000000 3289.5573727962
6.8000000000 3171.5841616984
6.9000000000 3057.7245070071
7.0000000000 2947.8442872743
7.1000000000 2841.8130611213
7.2000000000 2739.5040162730
7.3000000000 2640.7939155917
7.4000000000 2545.5630403930
7.5000000000 2453.6951313321
7.6000000000 2365.0773271418
7.7000000000 2279.6001014962
7.8000000000 2197.1571982714
7.9000000000 2117.6455654552
8.0000000000 2040.9652879537
8.1000000000 1967.0195195248
8.2000000000 1895.7144140582
8.3000000000 1826.9590564036
8.4000000000 1760.6653929422
8.5000000000 1696.7481620757
8.6000000000 1635.1248247963
8.7000000000 1575.7154954899
8.8000000000 1518.4428731068
8.9000000000 1463.2321728310
9.0000000000 1410.0110583526
9.1000000000 1358.7095748558
9.2000000000 1309.2600828047
9.3000000000 1261.5971926167
9.4000000000 1215.6577002885
9.5000000000 1171.3805240436
9.6000000000 1128.7066420531
9.7000000000 1087.5790312789
9.8000000000 1047.9426074770
9.9000000000 1009.7441663977
10.0000000000 972.9323262083

particle 2
0.0000000000 21326.2463794355
0.1000000000 22682.4410998923
0.2000000000 23702.5986678431
0.3000000000 24435.9773159949
0.4000000000 24925.3598984744
0.5000000000 25207.8745819542
0.6000000000 25315.7131247236
0.7000000000 25276.7594223073
0.8000000000 25115.1394360036
0.9000000000 24851.7022503661
1.0000000000 24504.4408036991
1.1000000000 24088.8597814194
1.2000000000 23618.2972375374
1.3000000000 23104.2056986332
1.4000000000 22556.3977936070
1.5000000000 21983.2608288916
1.6000000000 21391.9441820306
1.7000000000 20788.5229070802
1.8000000000 20178.1405249327
1.9000000000 19565.1336031240
2.0000000000 18953.1404066167
2.1000000000 18345.1956178196
2.2000000000 17743.8128758809
2.3000000000 17151.0566676789
2.4000000000 16568.6049122651
2.5000000000 15997.8034133855
2.6000000000 15439.7132082692
2.7000000000 14895.1517125669
2.8000000000 14364.7284489025
2.9000000000 13848.8760480233
3.0000000000 13347.8771252662
3.1000000000 12861.8875595013
3.2000000000 12390.9566355467
3.3000000000 11935.0444530978
3.4000000000 11494.0369544800
3.5000000000 11067.7588791263
3.6000000000 10655.9849137857
3.7000000000 10258.4492734524
3.8000000000 9874.8539182192
3.9000000000 9504.8755852017
4.0000000000 9148.1717918883
4.1000000000 8804.3859473315
4.2000000000 8473.1516901523
4.3000000000 8154.0965570941
4.4000000000 7846.8450725228
4.5000000000 7551.0213376279
4.6000000000 7266.2511878946
4.7000000000 6992.1639785277
4.8000000000 6728.3940497381
4.9000000000 6474.5819170193
5.0000000000 6230.3752256274
5.1000000000 5995.4295033005
5.2000000000 5769.4087407588
5.3000000000 5551.9858255847
5.4000000000 5342.8428516643
5.5000000000 5141.6713233775
5.6000000000 4948.1722711322
5.7000000000 4762.0562925618
5.8000000000 4583.0435317456
5.9000000000 4410.8636070889
6.0000000000 4245.2554970108
6.1000000000 4085.9673913012
6.2000000000 3932.7565148675
6.3000000000 3785.3889296325
6.4000000000 3643.6393194893
6.5000000000 3507.2907624908
6.6000000000 3376.1344938128
6.7000000000 3249.9696624897
6.8000000000 3128.6030844344
6.9000000000 3011.8489938620
7.0000000000 2899.5287948709
7.1000000000 2791.4708146394
7.2000000000 2687.5100594342
7.3000000000 2587.4879744010
7.4000000000 2491.2522079231
7.5000000000 2398.6563811625
7.6000000000 2309.5598632646
7.7000000000 2223.8275525893
7.8000000000 2141.3296642267
7.9000000000 2061.9415239789
8.0000000000 1985.5433689106
8.1000000000 1912.0201545155
8.2000000000 1841.2613684989
8.3000000000 1773.1608511289
8.4000000000 1707.6166220855
8.5000000000 1644.5307136978
8.6000000000 1583.8090104468
8.7000000000 1525.3610945938
8.8000000000 1469.1000977750
8.9000000000 1414.9425583972
9.0000000000 1362.8082846671
9.1000000000 1312.6202230692
9.2000000000 1264.3043321196
9.3000000000 1217.7894612106
9.4000000000 1173.0072343674
9.5000000000 1129.8919387356
9.6000000000 1088.3804176271
9.7000000000 1048.4119679433
9.8000000000 1009.9282418134
9.9000000000 972.8731522760
10.0000000000 937.1927828446

particle 3
0.0000000000 96847.1060706765
0.1000000000 88988.0661461632
0.2000000000 81904.4392118526
0.3000000000 75511.1732133597
0.4000000000 69733.0352218029
0.5000000000 64503.4493468649
0.6000000000 59763.4739247703
0.7000000000 55460.9011772246
0.8000000000 51549.4645722553
0.9000000000 47988.1409058761
1.0000000000 44740.5356945314
1.1000000000 41774.3418487603
1.2000000000 39060.8628115541
1.3000000000 36574.5924108431
1.4000000000 34292.8446122504
1.5000000000 32195.4271814492
1.6000000000 30264.3539888740
1.7000000000 28483.5913253143
1.8000000000 26838.8341557013
1.9000000000 25317.3087295009
2.0000000000 23907.5983977855
2.1000000000 22599.4898664865
2.2000000000 21383.8374488310
2.3000000000 20252.4431731684
2.4000000000 19197.9508601106
2.5000000000 18213.7525095153
2.6000000000 17293.9055370500
2.7000000000 16433.0595752421
2.8000000000 15626.3917079372
2.9000000000 14869.5491425299
3.0000000000 14158.5984434418
3.1000000000 13489.9805550723
3.2000000000 12860.4709345904
3.3000000000 12267.1441959786
3.4000000000 11707.3427380406
3.5000000000 11178.6488918094
3.6000000000 10678.8601779838
3.7000000000 10205.9673135876
3.8000000000 9758.1346497867
3.9000000000 9333.6827604178
4.0000000000 8931.0729338998
4.1000000000 8548.8933503449
4.2000000000 8185.8467513652
4.3000000000 7840.7394326709
4.4000000000 7512.4714094634
4.5000000000 7200.0276221709
4.6000000000 6902.4700655209
4.7000000000 6618.9307375658
4.8000000000 6348.6053172696
4.9000000000 6090.7474898577
5.0000000000 5844.6638484434
5.1000000000 5609.7093086862
5.2000000000 5385.2829804829
5.3000000000 5170.8244471033
5.4000000000 4965.8104078289
5.5000000000 4769.7516451453
5.6000000000 4582.1902819393
5.7000000000 4402.6972980514
5.8000000000 4230.8702789648
5.9000000000 4066.3313724557
6.0000000000 3908.7254317181
6.1000000000 3757.7183258476
6.2000000000 3612.9954006787
6.3000000000 3474.2600748288
6.4000000000 3341.2325574482
6.5000000000 3213.6486756447
6.6000000000 3091.2588008344
6.7000000000 2973.8268644305
6.8000000000 2861.1294542917
6.9000000000 2752.9549842614
7.0000000000 2649.1029299277
7.1000000000 2549.3831244558
7.2000000000 2453.6151089689
7.3000000000 2361.6275325273
7.4000000000 2273.2575972524
7.5000000000 2188.3505445946
7.6000000000 2106.7591791399
7.7000000000 2028.3434267098
7.8000000000 1952.9699238239
7.9000000000 1880.5116358801
8.0000000000 1810.8475016620
8.1000000000 1743.8621020137
8.2000000000 1679.4453507157
8.3000000000 1617.4922057919
8.4000000000 1557.9023996280
8.5000000000 1500.5801864426
8.6000000000 1445.4341057706
8.7000000000 1392.3767607487
8.8000000000 1341.3246100913
8.9000000000 1292.1977727494
9.0000000000 1244.9198443273
9.1000000000 1199.4177244085
9.2000000000 1155.6214540203
9.3000000000 1113.4640625275
9.4000000000 1072.8814232978
9.5000000000 1033.8121175490
9.6000000000 996.1973058156
9.7000000000 959.9806065402
9.8000000000 925.1079813116
9.9000000000 891.5276263232
10.0000000000 859.1898696527

particle 4
0.0000000000 -12244.1752987618
0.1000000000 -8543.5658502508
0.2000000000 -5366.7303625624
0.3000000000 -2647.8497999910
0.4000000000 -329.1260813879
0.5000000000 1640.1871199762
0.6000000000 3304.6366918347
0.7000000000 4703.3196120275
0.8000000000 5870.5420877261
0.9000000000 6836.3992049360
1.0000000000 7627.2846729505
1.1000000000 8266.3390918528
1.2000000000 8773.8441543140
1.3000000000 9167.5692988677
1.4000000000 9463.0765457741
1.5000000000 9673.9885553947
1.6000000000 9812.2243412715
1.7000000000 9888.2065357235
1.8000000000 9911.0436358832
1.9000000000 9888.6902449067
2.0000000000 9828.0879597583
2.1000000000 9735.2892374533
2.2000000000 9615.5662906827
2.3000000000 9473.5068166412
2.4000000000 9313.0981455983
2.5000000000 9137.8012046379
2.6000000000 8950.6155239448
2.7000000000 8754.1363651868
2.8000000000 8550.6049215631
2.9000000000 8341.9524247382
3.0000000000 8129.8388933317
3.1000000000 7915.6871691756
3.2000000000 7700.7128097593
3.3000000000 7485.9503368555
3.4000000000 7272.2762811241
3.5000000000 7060.4294095535
3.6000000000 6851.0284760241
3.7000000000 6644.5877943166
3.8000000000 6441.5308968461
3.9000000000 6242.2025107119
4.0000000000 6046.8790547579
4.1000000000 5855.7778368150
4.2000000000 5669.0651087154
4.3000000000 5486.8631176804
4.4000000000 5309.2562759933
4.5000000000 5136.2965561621
4.6000000000 4968.0082058691
4.7000000000 4804.3918656183
4.8000000000 4645.4281620048
4.9000000000 4491.0808407121
5.0000000000 4341.2994956212
5.1000000000 4196.0219435903
5.2000000000 4055.1762884828
5.3000000000 3918.6827127450
5.4000000000 3786.4550301994
5.5000000000 3658.4020296498
5.6000000000 3534.4286352902
5.7000000000 3414.4369067754
5.8000000000 3298.3268990147
5.9000000000 3185.9973993242
6.0000000000 3077.3465574199
6.1000000000 2972.2724218443
6.2000000000 2870.6733947635
6.3000000000 2772.4486156058
6.4000000000 2677.4982827363
6.5000000000 2585.7239212224
6.6000000000 2497.0286037654
6.7000000000 2411.3171309894
6.8000000000 2328.4961765220
6.9000000000 2248.4744016167
7.0000000000 2171.1625434877
7.1000000000 2096.4734809935
7.2000000000 2024.3222808599
7.3000000000 1954.6262272262
7.4000000000 1887.3048369476
7.5000000000 1822.2798627740
7.6000000000 1759.4752862617
7.7000000000 1698.8173020262
7.8000000000 1640.2342947425
7.9000000000 1583.6568101132
8.0000000000 1529.0175208657
8.1000000000 1476.2511886939
8.2000000000 1425.2946229443
8.3000000000 1376.0866367315
8.4000000000 1328.5680010786
8.5000000000 1282.6813975885
8.6000000000 1238.3713700916
8.7000000000 1195.5842756367
8.8000000000 1154.2682351526
8.9000000000 1114.3730840464
9.0000000000 1075.8503229714
9.1000000000 1038.6530689583
9.2000000000 1002.7360070722
9.3000000000 968.0553427235
9.4000000000 934.5687547531
9.5000000000 902.2353493732
9.6000000000 871.0156150402
9.7000000000 840.8713783129
9.8000000000 811.7657607408
9.9000000000 783.6631368156
10.0000000000 756.5290930024

particle 5
0.0000000000 15722.7833766006
0.1000000000 14517.7876666235
0.2000000000 13471.2855717020
0.3000000000 12561.4625749093
0.4000000000 11769.3628099982
0.5000000000 11078.5285437219
0.6000000000 10474.6841317748
0.7000000000 9945.4590250303
0.8000000000 9480.1450604175
0.9000000000 9069.4838489079
1.0000000000 8705.4805812271
1.1000000000 8381.2410185841
1.2000000000 8090.8288283113
1.3000000000 7829.1407694052
1.4000000000 7591.7975362563
1.5000000000 7375.0483354523
1.6000000000 7175.6875048285
1.7000000000 6990.9816898631
1.8000000000 6818.6062734786
1.9000000000 6656.5899143480
2.0000000000 6503.2661885545
2.1000000000 6357.2314522608
2.2000000000 6217.3081509462
2.3000000000 6082.5128955842
2.4000000000 5952.0287094175
2.5000000000 5825.1809221797
2.6000000000 5701.4162528782
2.7000000000 5580.2846787277
2.8000000000 5461.4237374073
2.9000000000 5344.5449533725
3.0000000000 5229.4221171873
3.1000000000 5115.8811804304
3.2000000000 5003.7915582009
3.3000000000 4893.0586571282
3.4000000000 4783.6174694997
3.5000000000 4675.4270940504
3.6000000000 4568.4660614457
3.7000000000 4462.7283578199
3.8000000000 4358.2200531983
3.9000000000 4254.9564534109
4.0000000000 4152.9597044593
4.1000000000 4052.2567873600
4.2000000000 3952.8778494178
4.3000000000 3854.8548248553
4.4000000000 3758.2203038006
4.5000000000 3663.0066139790
4.6000000000 3569.2450841127
4.7000000000 3476.9654621177
4.8000000000 3386.1954647515
4.9000000000 3296.9604384917
5.0000000000 3209.2831141396
5.1000000000 3123.1834400269
5.2000000000 3038.6784807781
5.3000000000 2955.7823703883
5.4000000000 2874.5063099556
5.5000000000 2794.8586017756
5.6000000000 2716.8447127048
5.7000000000 2640.4673607318
5.8000000000 2565.7266196018
5.9000000000 2492.6200371208
6.0000000000 2421.1427634370
6.1000000000 2351.2876861953
6.2000000000 2283.0455699536
6.3000000000 2216.4051976973
6.4000000000 2151.3535126582
6.5000000000 2087.8757589726
6.6000000000 2025.9556199857
6.7000000000 1965.5753532520
6.8000000000 1906.7159214791
6.9000000000 1849.3571188409
7.0000000000 1793.4776922255
7.1000000000 1739.0554571137
7.2000000000 1686.0674078818
7.3000000000 1634.4898224135
7.4000000000 1584.2983609762
7.5000000000 1535.4681593777
7.6000000000 1487.9739164654
7.7000000000 1441.7899760743
7.8000000000 1396.8904035571
7.9000000000 1353.2490570564
8.0000000000 1310.8396536974
8.1000000000 1269.6358308973
8.2000000000 1229.6112029855
8.3000000000 1190.7394133555
8.4000000000 1152.9941823494
8.5000000000 1116.3493510971
8.6000000000 1080.7789215161
8.7000000000 1046.2570926868
8.8000000000 1012.7582938063
8.9000000000 980.2572139225
9.0000000000 948.7288286437
9.1000000000 918.1484240122
9.2000000000 888.4916177222
9.3000000000 859.7343778616
9.4000000000 831.8530393373
9.5000000000 804.8243181500
9.6000000000 778.6253236665
9.7000000000 753.2335690363
9.8000000000 728.6269798875
9.9000000000 704.7839014334
10.0000000000 681.6831041118

