particle 1
0.0000000000 300.0000000000
0.1000000000 303.2198153269
0.2000000000 306.2677447720
0.3000000000 309.1871479281
0.4000000000 311.9874582774
0.5000000000 314.6769765479
0.6000000000 317.2630248547
0.7000000000 319.7520801355
0.8000000000 322.1498895812
0.9000000000 324.4615704190
1.0000000000 326.6916961031
1.1000000000 328.8443707052
1.2000000000 330.9232930666
1.3000000000 332.9318120731
1.4000000000 334.8729742369
1.5000000000 336.7495646186
1.6000000000 338.5641419854
1.7000000000 340.3190689871
1.8000000000 342.0165380288
1.9000000000 343.6585934287
2.0000000000 345.2471503746
2.1000000000 346.7840111220
2.2000000000 348.2708788196
2.3000000000 349.7093692968
2.4000000000 351.1010211007
2.5000000000 352.4473040347
2.6000000000 353.7496264135
2.7000000000 355.0093412222
2.8000000000 356.2277513405
2.9000000000 357.4061139712
3.0000000000 358.5456443917
3.1000000000 359.6475191333
3.2000000000 360.7128786751
3.3000000000 361.7428297284
3.4000000000 362.7384471779
3.5000000000 363.7007757337
3.6000000000 364.6308313423
3.7000000000 365.5296023964
3.8000000000 366.3980507786
3.9000000000 367.2371127670
4.0000000000 368.0476998284
4.1000000000 368.8306993187
4.2000000000 369.5869751086
4.3000000000 370.3173681490
4.4000000000 371.0226969884
4.5000000000 371.7037582515
4.6000000000 372.3613270889
4.7000000000 372.9961576028
4.8000000000 373.6089832559
4.9000000000 374.2005172668
5.0000000000 374.7714529960
5.1000000000 375.3224643251
5.2000000000 375.8542060316
5.3000000000 376.3673141606
5.4000000000 376.8624063943
5.5000000000 377.3400824216
5.6000000000 377.8009243060
5.7000000000 378.2454968543
5.8000000000 378.6743479848
5.9000000000 379.0880090958
6.0000000000 379.4869954334
6.1000000000 379.8718064591
6.2000000000 380.2429262166
6.3000000000 380.6008236975
6.4000000000 380.9459532052
6.5000000000 381.2787547170
6.6000000000 381.5996542441
6.7000000000 381.9090641882
6.8000000000 382.2073836957
6.9000000000 382.4949990076
7.0000000000 382.7722838062
7.1000000000 383.0395995571
7.2000000000 383.2972958469
7.3000000000 383.5457107157
7.4000000000 383.7851709846
7.5000000000 384.0159925787
7.6000000000 384.2384808427
7.7000000000 384.4529308528
7.8000000000 384.6596277213
7.9000000000 384.8588468954
8.0000000000 385.0508544507
8.1000000000 385.2359073770
8.2000000000 385.4142538591
8.3000000000 385.5861335506
8.4000000000 385.7517778412
8.5000000000 385.9114101180
8.6000000000 386.0652460199
8.7000000000 386.2134936863
8.8000000000 386.3563539983
8.9000000000 386.4940208151
9.0000000000 386.6266812025
9.1000000000 386.7545156563
9.2000000000 386.8776983190
9.3000000000 386.9963971910
9.4000000000 387.1107743349
9.5000000000 387.2209860748
9.6000000000 387.3271831891
9.7000000000 387.4295110983
9.8000000000 387.5281100464
9.9000000000 387.6231152776
10.0000000000 387.7146572070

particle 2
0.0000000000 300.0000000000
0.1000000000 302.0556486314
0.2000000000 304.2007881050
0.3000000000 306.4264287850
0.4000000000 308.7081232493
0.5000000000 311.0251062311
0.6000000000 313.3598065403
0.7000000000 315.6974210556
0.8000000000 318.0255430275
0.9000000000 320.3338378949
1.0000000000 322.6137606614
1.1000000000 324.8583096162
1.2000000000 327.0618118302
1.3000000000 329.2197364298
1.4000000000 331.3285321446
1.5000000000 333.3854860638
1.6000000000 335.3886009159
1.7000000000 337.3364885253
1.8000000000 339.2282773878
1.9000000000 341.0635325672
2.0000000000 342.8421863406
2.1000000000 344.5644782148
2.2000000000 346.2309031113
2.3000000000 347.8421666685
2.4000000000 349.3991467389
2.5000000000 350.9028602814
2.6000000000 352.3544349434
2.7000000000 353.7550847207
2.8000000000 355.1060891600
2.9000000000 356.4087756360
3.0000000000 357.6645042952
3.1000000000 358.8746553109
3.2000000000 360.0406181386
3.3000000000 361.1637825015
3.4000000000 362.2455308711
3.5000000000 363.2872322357
3.6000000000 364.2902369811
3.7000000000 365.2558727245
3.8000000000 366.1854409699
3.9000000000 367.0802144649
4.0000000000 367.9414351584
4.1000000000 368.7703126700
4.2000000000 369.5680231947
4.3000000000 370.3357087764
4.4000000000 371.0744768927
4.5000000000 371.7854003004
4.6000000000 372.4695171008
4.7000000000 373.1278309854
4.8000000000 373.7613116320
4.9000000000 374.3708952223
5.0000000000 374.9574850586
5.1000000000 375.5219522591
5.2000000000 376.0651365141
5.3000000000 376.5878468891
5.4000000000 377.0908626618
5.5000000000 377.5749341830
5.6000000000 378.0407837516
5.7000000000 378.4891064970
5.8000000000 378.9205712624
5.9000000000 379.3358214835
6.0000000000 379.7354760585
6.1000000000 380.1201302064
6.2000000000 380.4903563092
6.3000000000 380.8467047380
6.4000000000 381.1897046589
6.5000000000 381.5198648188
6.6000000000 381.8376743105
6.7000000000 382.1436033139
6.8000000000 382.4381038162
6.9000000000 382.7216103080
7.0000000000 382.9945404574
7.1000000000 383.2572957603
7.2000000000 383.5102621690
7.3000000000 383.7538106972
7.4000000000 383.9882980045
7.5000000000 384.2140669580
7.6000000000 384.4314471736
7.7000000000 384.6407555371
7.8000000000 384.8422967044
7.9000000000 385.0363635833
8.0000000000 385.2232377960
8.1000000000 385.4031901239
8.2000000000 385.5764809346
8.3000000000 385.7433605922
8.4000000000 385.9040698509
8.5000000000 386.0588402339
8.6000000000 386.2078943956
8.7000000000 386.3514464709
8.8000000000 386.4897024096
8.9000000000 386.6228602974
9.0000000000 386.7511106642
9.1000000000 386.8746367801
9.2000000000 386.9936149392
9.3000000000 387.1082147323
9.4000000000 387.2185993082
9.5000000000 387.3249256250
9.6000000000 387.4273446911
9.7000000000 387.5260017960
9.8000000000 387.6210367332
9.9000000000 387.7125840124
10.0000000000 387.8007730646

particle 3
0.0000000000 250.0000000000
0.1000000000 258.6622561133
0.2000000000 266.5459854045
0.3000000000 273.8082217497
0.4000000000 280.5091531842
0.5000000000 286.7024307206
0.6000000000 292.4359192795
0.7000000000 297.7523599784
0.8000000000 302.6899543870
0.9000000000 307.2828800783
1.0000000000 311.5617456819
1.1000000000 315.5539926574
1.2000000000 319.2842501354
1.3000000000 322.7746484137
1.4000000000 326.0450960206
1.5000000000 329.1135246701
1.6000000000 331.9961059143
1.7000000000 334.7074428415
1.8000000000 337.2607397672
1.9000000000 339.6679525128
2.0000000000 341.9399215577
2.1000000000 344.0864900741
2.2000000000 346.1166086189
2.3000000000 348.0384280407
2.4000000000 349.8593819781
2.5000000000 351.5862601599
2.6000000000 353.2252735753
2.7000000000 354.7821124540
2.8000000000 356.2619978879
2.9000000000 357.6697278225
3.0000000000 359.0097180674
3.1000000000 360.2860388919
3.2000000000 361.5024477096
3.3000000000 362.6624182955
3.4000000000 363.7691669268
3.5000000000 364.8256757933
3.6000000000 365.8347139830
3.7000000000 366.7988563138
3.8000000000 367.7205002481
3.9000000000 368.6018811044
4.0000000000 369.4450857496
4.1000000000 370.2520649401
4.2000000000 371.0246444568
4.3000000000 371.7645351638
4.4000000000 372.4733421068
4.5000000000 373.1525727516
4.6000000000 373.8036444554
4.7000000000 374.4278912488
4.8000000000 375.0265700023
4.9000000000 375.6008660385
5.0000000000 376.1518982489
5.1000000000 376.6807237626
5.2000000000 377.1883422142
5.3000000000 377.6756996497
5.4000000000 378.1436921055
5.5000000000 378.5931688929
5.6000000000 379.0249356166
5.7000000000 379.4397569516
5.8000000000 379.8383592020
5.9000000000 380.2214326620
6.0000000000 380.5896337965
6.1000000000 380.9435872582
6.2000000000 381.2838877562
6.3000000000 381.6111017888
6.4000000000 381.9257692514
6.5000000000 382.2284049328
6.6000000000 382.5194999064
6.7000000000 382.7995228275
6.8000000000 383.0689211427
6.9000000000 383.3281222202
7.0000000000 383.5775344053
7.1000000000 383.8175480098
7.2000000000 384.0485362371
7.3000000000 384.2708560514
7.4000000000 384.4848489920
7.5000000000 384.6908419396
7.6000000000 384.8891478364
7.7000000000 385.0800663635
7.8000000000 385.2638845796
7.9000000000 385.4408775226
8.0000000000 385.6113087779
8.1000000000 385.7754310137
8.2000000000 385.9334864884
8.3000000000 386.0857075291
8.4000000000 386.2323169850
8.5000000000 386.3735286564
8.6000000000 386.5095477013
8.7000000000 386.6405710207
8.8000000000 386.7667876242
8.9000000000 386.8883789771
9.0000000000 387.0055193293
9.1000000000 387.1183760291
9.2000000000 387.2271098201
9.3000000000 387.3318751242
9.4000000000 387.4328203113
9.5000000000 387.5300879552
9.6000000000 387.6238150775
9.7000000000 387.7141333808
9.8000000000 387.8011694696
9.9000000000 387.8850450622
10.0000000000 387.9658771917

particle 4
0.0000000000 350.0000000000
0.1000000000 349.0346287120
0.2000000000 348.3974184075
0.3000000000 348.0318144796
0.4000000000 347.8982697778
0.5000000000 347.9622400019
0.6000000000 348.1935729353
0.7000000000 348.5659715107
0.8000000000 349.0565218028
0.9000000000 349.6452781187
1.0000000000 350.3148983013
1.1000000000 351.0503231883
1.2000000000 351.8384949019
1.3000000000 352.6681092865
1.4000000000 353.5293983736
1.5000000000 354.4139392536
1.6000000000 355.3144861660
1.7000000000 356.2248230079
1.8000000000 357.1396337960
1.9000000000 358.0543889134
2.0000000000 358.9652452370
2.1000000000 359.8689584668
2.2000000000 360.7628061846
2.3000000000 361.6445203433
2.4000000000 362.5122280474
2.5000000000 363.3643996208
2.6000000000 364.1998030805
2.7000000000 365.0174642390
2.8000000000 365.8166317537
2.9000000000 366.5967465236
3.0000000000 367.3574149041
3.1000000000 368.0983852767
3.2000000000 368.8195275660
3.3000000000 369.5208153428
3.4000000000 370.2023102006
3.5000000000 370.8641481257
3.6000000000 371.5065276178
3.7000000000 372.1296993466
3.8000000000 372.7339571560
3.9000000000 373.3196302488
4.0000000000 373.8870764083
4.1000000000 374.4366761272
4.2000000000 374.9688275308
4.3000000000 375.4839419981
4.4000000000 375.9824403904
4.5000000000 376.4647498144
4.6000000000 376.9313008501
4.7000000000 377.3825251866
4.8000000000 377.8188536128
4.9000000000 378.2407143182
5.0000000000 378.6485314636
5.1000000000 379.0427239876
5.2000000000 379.4237046171
5.3000000000 379.7918790556
5.4000000000 380.1476453257
5.5000000000 380.4913932452
5.6000000000 380.8235040179
5.7000000000 381.1443499251
5.8000000000 381.4542941014
5.9000000000 381.7536903855
6.0000000000 382.0428832326
6.1000000000 382.3222076818
6.2000000000 382.5919893681
6.3000000000 382.8525445738
6.4000000000 383.1041803117
6.5000000000 383.3471944361
6.6000000000 383.5818757759
6.7000000000 383.8085042863
6.8000000000 384.0273512151
6.9000000000 384.2386792818
7.0000000000 384.4427428651
7.1000000000 384.6397881980
7.2000000000 384.8300535680
7.3000000000 385.0137695207
7.4000000000 385.1911590651
7.5000000000 385.3624378805
7.6000000000 385.5278145227
7.7000000000 385.6874906289
7.8000000000 385.8416611214
7.9000000000 385.9905144084
8.0000000000 386.1342325823
8.1000000000 386.2729916140
8.2000000000 386.4069615445
8.3000000000 386.5363066716
8.4000000000 386.6611857328
8.5000000000 386.7817520846
8.6000000000 386.8981538757
8.7000000000 387.0105342178
8.8000000000 387.1190313501
8.9000000000 387.2237788000
9.0000000000 387.3249055393
9.1000000000 387.4225361360
9.2000000000 387.5167909006
9.3000000000 387.6077860296
9.4000000000 387.6956337430
9.5000000000 387.7804424188
9.6000000000 387.8623167221
9.7000000000 387.9413577316
9.8000000000 388.0176630602
9.9000000000 388.0913269735
10.0000000000 388.1624405029

particle 5
0.0000000000 350.0000000000
0.1000000000 351.4093081336
0.2000000000 352.7003614226
0.3000000000 353.9012818154
0.4000000000 355.0237895164
0.5000000000 356.0779729111
0.6000000000 357.0725042546
0.7000000000 358.0148280279
0.8000000000 358.9113253421
0.9000000000 359.7674573574
1.0000000000 360.5878903229
1.1000000000 361.3766045215
1.2000000000 362.1369891277
1.3000000000 362.8719247389
1.4000000000 363.5838551219
1.5000000000 364.2748495338
1.6000000000 364.9466567998
1.7000000000 365.6007521951
1.8000000000 366.2383780385
1.9000000000 366.8605788029
2.0000000000 367.4682314396
2.1000000000 368.0620715334
2.2000000000 368.6427158245
2.3000000000 369.2106815694
2.4000000000 369.7664031504
2.5000000000 370.3102462973
2.6000000000 370.8425202328
2.7000000000 371.3634880198
2.8000000000 371.8733753494
2.9000000000 372.3723779806
3.0000000000 372.8606680141
3.1000000000 373.3383991608
3.2000000000 373.8057111447
3.3000000000 374.2627333595
3.4000000000 374.7095878870
3.5000000000 375.1463919677
3.6000000000 375.5732600036
3.7000000000 375.9903051630
3.8000000000 376.3976406457
3.9000000000 376.7953806636
4.0000000000 377.1836411778
4.1000000000 377.5625404351
4.2000000000 377.9321993336
4.3000000000 378.2927416491
4.4000000000 378.6442941457
4.5000000000 378.9869865917
4.6000000000 379.3209517002
4.7000000000 379.6463250081
4.8000000000 379.9632447084
4.9000000000 380.2718514462
5.0000000000 380.5722880870
5.1000000000 380.8646994674
5.2000000000 381.1492321326
5.3000000000 381.4260340675
5.4000000000 381.6952544257
5.5000000000 381.9570432597
5.6000000000 382.2115512561
5.7000000000 382.4589294776
5.8000000000 382.6993291136
5.9000000000 382.9329012415
6.0000000000 383.1597965995
6.1000000000 383.3801653712
6.2000000000 383.5941569829
6.3000000000 383.8019199145
6.4000000000 384.0036015230
6.5000000000 384.1993478787
6.6000000000 384.3893036152
6.7000000000 384.5736117915
6.8000000000 384.7524137662
6.9000000000 384.9258490841
7.0000000000 385.0940553737
7.1000000000 385.2571682562
7.2000000000 385.4153212644
7.3000000000 385.5686457718
7.4000000000 385.7172709313
7.5000000000 385.8613236223
7.6000000000 386.0009284066
7.7000000000 386.1362074917
7.8000000000 386.2672807015
7.9000000000 386.3942654544
8.0000000000 386.5172767470
8.1000000000 386.6364271439
8.2000000000 386.7518267730
8.3000000000 386.8635833263
8.4000000000 386.9718020641
8.5000000000 387.0765858247
8.6000000000 387.1780350375
8.7000000000 387.2762477392
8.8000000000 387.3713195939
8.9000000000 387.4633439154
9.0000000000 387.5524116931
9.1000000000 387.6386116188
9.2000000000 387.7220301173
9.3000000000 387.8027513768
9.4000000000 387.8808573833
9.5000000000 387.9564279541
9.6000000000 388.0295407743
9.7000000000 388.1002714331
9.8000000000 388.1686934620
9.9000000000 388.2348783731
10.0000000000 388.2988956977

