p1
0.0000000000 123867.4340531072
0.1000000000 117027.6812296045
0.2000000000 110565.6081331763
0.3000000000 104460.3599200990
0.4000000000 98692.2333162869
0.5000000000 93242.6130295418
0.6000000000 88093.9116730079
0.7000000000 83229.5130059573
0.8000000000 78633.7183087228
0.9000000000 74291.6957187172
1.0000000000 70189.4323640320
1.1000000000 66313.6891401423
1.2000000000 62651.9579837618
1.3000000000 59192.4215059685
1.4000000000 55923.9148543184
1.5000000000 52835.8896808722
1.6000000000 49918.3800998463
1.7000000000 47161.9705250241
1.8000000000 44557.7652831345
1.9000000000 42097.3599051266
2.0000000000 39772.8140026929
2.1000000000 37576.6256425071
2.2000000000 35501.7071354697
2.3000000000 33541.3621628363
2.4000000000 31689.2641653992
2.5000000000 29939.4359259842
2.6000000000 28286.2302793650
2.7000000000 26724.3118873478
2.8000000000 25248.6400202022
2.9000000000 23854.4522888752
3.0000000000 22537.2492754826
3.1000000000 21292.7800124808
3.2000000000 20117.0282636543
3.3000000000 19006.1995626434
3.4000000000 17956.7089671818
3.5000000000 16965.1694895297
3.6000000000 16028.3811657525
3.7000000000 15143.3207285785
3.8000000000 14307.1318505065
3.9000000000 13517.1159256689
4.0000000000 12770.7233607067
4.1000000000 12065.5453465473
4.2000000000 11399.3060845331
4.3000000000 10769.8554418060
4.4000000000 10175.1620122541
4.5000000000 9613.3065606182
4.6000000000 9082.4758286034
4.7000000000 8580.9566830108
4.8000000000 8107.1305869942
4.9000000000 7659.4683766090
5.0000000000 7236.5253257911
5.1000000000 6836.9364838346
5.2000000000 6459.4122703326
5.3000000000 6102.7343133542
5.4000000000 5765.7515174324
5.5000000000 5447.3763486689
5.6000000000 5146.5813249702
5.7000000000 4862.3957000885
5.8000000000 4593.9023307627
5.9000000000 4340.2347168505
6.0000000000 4100.5742048996
6.1000000000 3874.1473461343
6.2000000000 3660.2234003294
6.3000000000 3458.1119775131
6.4000000000 3267.1608098958
6.5000000000 3086.7536468257
6.6000000000 2916.3082659818
6.7000000000 2755.2745943885
6.8000000000 2603.1329331796
6.9000000000 2459.3922803941
7.0000000000 2323.5887463779
7.1000000000 2195.2840566893
7.2000000000 2074.0641376693
7.3000000000 1959.5377801144
7.4000000000 1851.3353767404
7.5000000000 1749.1077293600
7.6000000000 1652.5249219260
7.7000000000 1561.2752558048
7.8000000000 1475.0642438407
7.9000000000 1393.6136599656
8.0000000000 1316.6606412925
8.1000000000 1243.9568397832
8.2000000000 1175.2676207627
8.3000000000 1110.3713056904
8.4000000000 1049.0584567460
8.5000000000 991.1312009144
8.6000000000 936.4025913995
8.7000000000 884.6960042935
8.8000000000 835.8445685661
8.9000000000 789.6906275280
9.0000000000 746.0852300270
9.1000000000 704.8876497461
9.2000000000 665.9649310392
9.3000000000 629.1914598498
9.4000000000 594.4485583205
9.5000000000 561.6241017851
9.6000000000 530.6121569161
9.7000000000 501.3126398463
9.8000000000 473.6309931727
9.9000000000 447.4778807940
10.0000000000 422.7688995996

