p1
0.0000000000 300.0000000000
0.1000000000 304.8390926184
0.2000000000 309.3644147898
0.3000000000 313.6398562292
0.4000000000 317.6792149332
0.5000000000 321.4955269961
0.6000000000 325.1011086810
0.7000000000 328.5075961674
0.8000000000 331.7259831043
0.9000000000 334.7666560899
1.0000000000 337.6394281918
1.1000000000 340.3535706164
1.2000000000 342.9178426295
1.3000000000 345.3405198249
1.4000000000 347.6294208320
1.5000000000 349.7919325484
1.6000000000 351.8350339797
1.7000000000 353.7653187624
1.8000000000 355.5890164433
1.9000000000 357.3120125843
2.0000000000 358.9398677561
2.1000000000 360.4778354843
2.2000000000 361.9308792032
2.3000000000 363.3036882748
2.4000000000 364.6006931224
2.5000000000 365.8260795285
2.6000000000 366.9838021440
2.7000000000 368.0775972503
2.8000000000 369.1109948177
2.9000000000 370.0873298974
3.0000000000 371.0097533847
3.1000000000 371.8812421877
3.2000000000 372.7046088345
3.3000000000 373.4825105503
3.4000000000 374.2174578327
3.5000000000 374.9118225536
3.6000000000 375.5678456143
3.7000000000 376.1876441774
3.8000000000 376.7732184989
3.9000000000 377.3264583845
4.0000000000 377.8491492876
4.1000000000 378.3429780721
4.2000000000 378.8095384559
4.3000000000 379.2503361545
4.4000000000 379.6667937405
4.5000000000 380.0602552341
4.6000000000 380.4319904412
4.7000000000 380.7831990511
4.8000000000 381.1150145081
4.9000000000 381.4285076697
5.0000000000 381.7246902626
5.1000000000 382.0045181474
5.2000000000 382.2688944038
5.3000000000 382.5186722448
5.4000000000 382.7546577707
5.5000000000 382.9776125700
5.6000000000 383.1882561776
5.7000000000 383.3872683970
5.8000000000 383.5752914941
5.9000000000 383.7529322698
6.0000000000 383.9207640185
6.1000000000 384.0793283785
6.2000000000 384.2291370792
6.3000000000 384.3706735938
6.4000000000 384.5043946984
6.5000000000 384.6307319469
6.6000000000 384.7500930636
6.7000000000 384.8628632588
6.8000000000 384.9694064722
6.9000000000 385.0700665472
7.0000000000 385.1651683411
7.1000000000 385.2550187727
7.2000000000 385.3399078136
7.3000000000 385.4201094234
7.4000000000 385.4958824343
7.5000000000 385.5674713860
7.6000000000 385.6351073155
7.7000000000 385.6990085018
7.8000000000 385.7593811714
7.9000000000 385.8164201630
8.0000000000 385.8703095568
8.1000000000 385.9212232682
8.2000000000 385.9693256095
8.3000000000 386.0147718199
8.4000000000 386.0577085665
8.5000000000 386.0982744176
8.6000000000 386.1366002902
8.7000000000 386.1728098721
8.8000000000 386.2070200213
8.9000000000 386.2393411433
9.0000000000 386.2698775469
9.1000000000 386.2987277813
9.2000000000 386.3259849539
9.3000000000 386.3517370310
9.4000000000 386.3760671214
9.5000000000 386.3990537448
9.6000000000 386.4207710853
9.7000000000 386.4412892305
9.8000000000 386.4606743980
9.9000000000 386.4789891490
10.0000000000 386.4962925899

