%PARTICLES.SPHERE
400
1     0.025  0.025   0.000   0.026
2     0.075  0.025   0.000   0.026
3     0.125  0.025   0.000   0.026
4     0.175  0.025   0.000   0.026
5     0.225  0.025   0.000   0.026
6     0.275  0.025   0.000   0.026
7     0.325  0.025   0.000   0.026
8     0.375  0.025   0.000   0.026
9     0.425  0.025   0.000   0.026
10    0.475  0.025   0.000   0.026
11    0.525  0.025   0.000   0.026
12    0.575  0.025   0.000   0.026
13    0.625  0.025   0.000   0.026
14    0.675  0.025   0.000   0.026
15    0.725  0.025   0.000   0.026
16    0.775  0.025   0.000   0.026
17    0.825  0.025   0.000   0.026
18    0.875  0.025   0.000   0.026
19    0.925  0.025   0.000   0.026
20    0.975  0.025   0.000   0.026
21    0.025  0.075   0.000   0.026
22    0.075  0.075   0.000   0.026
23    0.125  0.075   0.000   0.026
24    0.175  0.075   0.000   0.026
25    0.225  0.075   0.000   0.026
26    0.275  0.075   0.000   0.026
27    0.325  0.075   0.000   0.026
28    0.375  0.075   0.000   0.026
29    0.425  0.075   0.000   0.026
30    0.475  0.075   0.000   0.026
31    0.525  0.075   0.000   0.026
32    0.575  0.075   0.000   0.026
33    0.625  0.075   0.000   0.026
34    0.675  0.075   0.000   0.026
35    0.725  0.075   0.000   0.026
36    0.775  0.075   0.000   0.026
37    0.825  0.075   0.000   0.026
38    0.875  0.075   0.000   0.026
39    0.925  0.075   0.000   0.026
40    0.975  0.075   0.000   0.026
41    0.025  0.125   0.000   0.026
42    0.075  0.125   0.000   0.026
43    0.125  0.125   0.000   0.026
44    0.175  0.125   0.000   0.026
45    0.225  0.125   0.000   0.026
46    0.275  0.125   0.000   0.026
47    0.325  0.125   0.000   0.026
48    0.375  0.125   0.000   0.026
49    0.425  0.125   0.000   0.026
50    0.475  0.125   0.000   0.026
51    0.525  0.125   0.000   0.026
52    0.575  0.125   0.000   0.026
53    0.625  0.125   0.000   0.026
54    0.675  0.125   0.000   0.026
55    0.725  0.125   0.000   0.026
56    0.775  0.125   0.000   0.026
57    0.825  0.125   0.000   0.026
58    0.875  0.125   0.000   0.026
59    0.925  0.125   0.000   0.026
60    0.975  0.125   0.000   0.026
61    0.025  0.175   0.000   0.026
62    0.075  0.175   0.000   0.026
63    0.125  0.175   0.000   0.026
64    0.175  0.175   0.000   0.026
65    0.225  0.175   0.000   0.026
66    0.275  0.175   0.000   0.026
67    0.325  0.175   0.000   0.026
68    0.375  0.175   0.000   0.026
69    0.425  0.175   0.000   0.026
70    0.475  0.175   0.000   0.026
71    0.525  0.175   0.000   0.026
72    0.575  0.175   0.000   0.026
73    0.625  0.175   0.000   0.026
74    0.675  0.175   0.000   0.026
75    0.725  0.175   0.000   0.026
76    0.775  0.175   0.000   0.026
77    0.825  0.175   0.000   0.026
78    0.875  0.175   0.000   0.026
79    0.925  0.175   0.000   0.026
80    0.975  0.175   0.000   0.026
81    0.025  0.225   0.000   0.026
82    0.075  0.225   0.000   0.026
83    0.125  0.225   0.000   0.026
84    0.175  0.225   0.000   0.026
85    0.225  0.225   0.000   0.026
86    0.275  0.225   0.000   0.026
87    0.325  0.225   0.000   0.026
88    0.375  0.225   0.000   0.026
89    0.425  0.225   0.000   0.026
90    0.475  0.225   0.000   0.026
91    0.525  0.225   0.000   0.026
92    0.575  0.225   0.000   0.026
93    0.625  0.225   0.000   0.026
94    0.675  0.225   0.000   0.026
95    0.725  0.225   0.000   0.026
96    0.775  0.225   0.000   0.026
97    0.825  0.225   0.000   0.026
98    0.875  0.225   0.000   0.026
99    0.925  0.225   0.000   0.026
100   0.975  0.225   0.000   0.026
101   0.025  0.275   0.000   0.026
102   0.075  0.275   0.000   0.026
103   0.125  0.275   0.000   0.026
104   0.175  0.275   0.000   0.026
105   0.225  0.275   0.000   0.026
106   0.275  0.275   0.000   0.026
107   0.325  0.275   0.000   0.026
108   0.375  0.275   0.000   0.026
109   0.425  0.275   0.000   0.026
110   0.475  0.275   0.000   0.026
111   0.525  0.275   0.000   0.026
112   0.575  0.275   0.000   0.026
113   0.625  0.275   0.000   0.026
114   0.675  0.275   0.000   0.026
115   0.725  0.275   0.000   0.026
116   0.775  0.275   0.000   0.026
117   0.825  0.275   0.000   0.026
118   0.875  0.275   0.000   0.026
119   0.925  0.275   0.000   0.026
120   0.975  0.275   0.000   0.026
121   0.025  0.325   0.000   0.026
122   0.075  0.325   0.000   0.026
123   0.125  0.325   0.000   0.026
124   0.175  0.325   0.000   0.026
125   0.225  0.325   0.000   0.026
126   0.275  0.325   0.000   0.026
127   0.325  0.325   0.000   0.026
128   0.375  0.325   0.000   0.026
129   0.425  0.325   0.000   0.026
130   0.475  0.325   0.000   0.026
131   0.525  0.325   0.000   0.026
132   0.575  0.325   0.000   0.026
133   0.625  0.325   0.000   0.026
134   0.675  0.325   0.000   0.026
135   0.725  0.325   0.000   0.026
136   0.775  0.325   0.000   0.026
137   0.825  0.325   0.000   0.026
138   0.875  0.325   0.000   0.026
139   0.925  0.325   0.000   0.026
140   0.975  0.325   0.000   0.026
141   0.025  0.375   0.000   0.026
142   0.075  0.375   0.000   0.026
143   0.125  0.375   0.000   0.026
144   0.175  0.375   0.000   0.026
145   0.225  0.375   0.000   0.026
146   0.275  0.375   0.000   0.026
147   0.325  0.375   0.000   0.026
148   0.375  0.375   0.000   0.026
149   0.425  0.375   0.000   0.026
150   0.475  0.375   0.000   0.026
151   0.525  0.375   0.000   0.026
152   0.575  0.375   0.000   0.026
153   0.625  0.375   0.000   0.026
154   0.675  0.375   0.000   0.026
155   0.725  0.375   0.000   0.026
156   0.775  0.375   0.000   0.026
157   0.825  0.375   0.000   0.026
158   0.875  0.375   0.000   0.026
159   0.925  0.375   0.000   0.026
160   0.975  0.375   0.000   0.026
161   0.025  0.425   0.000   0.026
162   0.075  0.425   0.000   0.026
163   0.125  0.425   0.000   0.026
164   0.175  0.425   0.000   0.026
165   0.225  0.425   0.000   0.026
166   0.275  0.425   0.000   0.026
167   0.325  0.425   0.000   0.026
168   0.375  0.425   0.000   0.026
169   0.425  0.425   0.000   0.026
170   0.475  0.425   0.000   0.026
171   0.525  0.425   0.000   0.026
172   0.575  0.425   0.000   0.026
173   0.625  0.425   0.000   0.026
174   0.675  0.425   0.000   0.026
175   0.725  0.425   0.000   0.026
176   0.775  0.425   0.000   0.026
177   0.825  0.425   0.000   0.026
178   0.875  0.425   0.000   0.026
179   0.925  0.425   0.000   0.026
180   0.975  0.425   0.000   0.026
181   0.025  0.475   0.000   0.026
182   0.075  0.475   0.000   0.026
183   0.125  0.475   0.000   0.026
184   0.175  0.475   0.000   0.026
185   0.225  0.475   0.000   0.026
186   0.275  0.475   0.000   0.026
187   0.325  0.475   0.000   0.026
188   0.375  0.475   0.000   0.026
189   0.425  0.475   0.000   0.026
190   0.475  0.475   0.000   0.026
191   0.525  0.475   0.000   0.026
192   0.575  0.475   0.000   0.026
193   0.625  0.475   0.000   0.026
194   0.675  0.475   0.000   0.026
195   0.725  0.475   0.000   0.026
196   0.775  0.475   0.000   0.026
197   0.825  0.475   0.000   0.026
198   0.875  0.475   0.000   0.026
199   0.925  0.475   0.000   0.026
200   0.975  0.475   0.000   0.026
201   0.025  0.525   0.000   0.026
202   0.075  0.525   0.000   0.026
203   0.125  0.525   0.000   0.026
204   0.175  0.525   0.000   0.026
205   0.225  0.525   0.000   0.026
206   0.275  0.525   0.000   0.026
207   0.325  0.525   0.000   0.026
208   0.375  0.525   0.000   0.026
209   0.425  0.525   0.000   0.026
210   0.475  0.525   0.000   0.026
211   0.525  0.525   0.000   0.026
212   0.575  0.525   0.000   0.026
213   0.625  0.525   0.000   0.026
214   0.675  0.525   0.000   0.026
215   0.725  0.525   0.000   0.026
216   0.775  0.525   0.000   0.026
217   0.825  0.525   0.000   0.026
218   0.875  0.525   0.000   0.026
219   0.925  0.525   0.000   0.026
220   0.975  0.525   0.000   0.026
221   0.025  0.575   0.000   0.026
222   0.075  0.575   0.000   0.026
223   0.125  0.575   0.000   0.026
224   0.175  0.575   0.000   0.026
225   0.225  0.575   0.000   0.026
226   0.275  0.575   0.000   0.026
227   0.325  0.575   0.000   0.026
228   0.375  0.575   0.000   0.026
229   0.425  0.575   0.000   0.026
230   0.475  0.575   0.000   0.026
231   0.525  0.575   0.000   0.026
232   0.575  0.575   0.000   0.026
233   0.625  0.575   0.000   0.026
234   0.675  0.575   0.000   0.026
235   0.725  0.575   0.000   0.026
236   0.775  0.575   0.000   0.026
237   0.825  0.575   0.000   0.026
238   0.875  0.575   0.000   0.026
239   0.925  0.575   0.000   0.026
240   0.975  0.575   0.000   0.026
241   0.025  0.625   0.000   0.026
242   0.075  0.625   0.000   0.026
243   0.125  0.625   0.000   0.026
244   0.175  0.625   0.000   0.026
245   0.225  0.625   0.000   0.026
246   0.275  0.625   0.000   0.026
247   0.325  0.625   0.000   0.026
248   0.375  0.625   0.000   0.026
249   0.425  0.625   0.000   0.026
250   0.475  0.625   0.000   0.026
251   0.525  0.625   0.000   0.026
252   0.575  0.625   0.000   0.026
253   0.625  0.625   0.000   0.026
254   0.675  0.625   0.000   0.026
255   0.725  0.625   0.000   0.026
256   0.775  0.625   0.000   0.026
257   0.825  0.625   0.000   0.026
258   0.875  0.625   0.000   0.026
259   0.925  0.625   0.000   0.026
260   0.975  0.625   0.000   0.026
261   0.025  0.675   0.000   0.026
262   0.075  0.675   0.000   0.026
263   0.125  0.675   0.000   0.026
264   0.175  0.675   0.000   0.026
265   0.225  0.675   0.000   0.026
266   0.275  0.675   0.000   0.026
267   0.325  0.675   0.000   0.026
268   0.375  0.675   0.000   0.026
269   0.425  0.675   0.000   0.026
270   0.475  0.675   0.000   0.026
271   0.525  0.675   0.000   0.026
272   0.575  0.675   0.000   0.026
273   0.625  0.675   0.000   0.026
274   0.675  0.675   0.000   0.026
275   0.725  0.675   0.000   0.026
276   0.775  0.675   0.000   0.026
277   0.825  0.675   0.000   0.026
278   0.875  0.675   0.000   0.026
279   0.925  0.675   0.000   0.026
280   0.975  0.675   0.000   0.026
281   0.025  0.725   0.000   0.026
282   0.075  0.725   0.000   0.026
283   0.125  0.725   0.000   0.026
284   0.175  0.725   0.000   0.026
285   0.225  0.725   0.000   0.026
286   0.275  0.725   0.000   0.026
287   0.325  0.725   0.000   0.026
288   0.375  0.725   0.000   0.026
289   0.425  0.725   0.000   0.026
290   0.475  0.725   0.000   0.026
291   0.525  0.725   0.000   0.026
292   0.575  0.725   0.000   0.026
293   0.625  0.725   0.000   0.026
294   0.675  0.725   0.000   0.026
295   0.725  0.725   0.000   0.026
296   0.775  0.725   0.000   0.026
297   0.825  0.725   0.000   0.026
298   0.875  0.725   0.000   0.026
299   0.925  0.725   0.000   0.026
300   0.975  0.725   0.000   0.026
301   0.025  0.775   0.000   0.026
302   0.075  0.775   0.000   0.026
303   0.125  0.775   0.000   0.026
304   0.175  0.775   0.000   0.026
305   0.225  0.775   0.000   0.026
306   0.275  0.775   0.000   0.026
307   0.325  0.775   0.000   0.026
308   0.375  0.775   0.000   0.026
309   0.425  0.775   0.000   0.026
310   0.475  0.775   0.000   0.026
311   0.525  0.775   0.000   0.026
312   0.575  0.775   0.000   0.026
313   0.625  0.775   0.000   0.026
314   0.675  0.775   0.000   0.026
315   0.725  0.775   0.000   0.026
316   0.775  0.775   0.000   0.026
317   0.825  0.775   0.000   0.026
318   0.875  0.775   0.000   0.026
319   0.925  0.775   0.000   0.026
320   0.975  0.775   0.000   0.026
321   0.025  0.825   0.000   0.026
322   0.075  0.825   0.000   0.026
323   0.125  0.825   0.000   0.026
324   0.175  0.825   0.000   0.026
325   0.225  0.825   0.000   0.026
326   0.275  0.825   0.000   0.026
327   0.325  0.825   0.000   0.026
328   0.375  0.825   0.000   0.026
329   0.425  0.825   0.000   0.026
330   0.475  0.825   0.000   0.026
331   0.525  0.825   0.000   0.026
332   0.575  0.825   0.000   0.026
333   0.625  0.825   0.000   0.026
334   0.675  0.825   0.000   0.026
335   0.725  0.825   0.000   0.026
336   0.775  0.825   0.000   0.026
337   0.825  0.825   0.000   0.026
338   0.875  0.825   0.000   0.026
339   0.925  0.825   0.000   0.026
340   0.975  0.825   0.000   0.026
341   0.025  0.875   0.000   0.026
342   0.075  0.875   0.000   0.026
343   0.125  0.875   0.000   0.026
344   0.175  0.875   0.000   0.026
345   0.225  0.875   0.000   0.026
346   0.275  0.875   0.000   0.026
347   0.325  0.875   0.000   0.026
348   0.375  0.875   0.000   0.026
349   0.425  0.875   0.000   0.026
350   0.475  0.875   0.000   0.026
351   0.525  0.875   0.000   0.026
352   0.575  0.875   0.000   0.026
353   0.625  0.875   0.000   0.026
354   0.675  0.875   0.000   0.026
355   0.725  0.875   0.000   0.026
356   0.775  0.875   0.000   0.026
357   0.825  0.875   0.000   0.026
358   0.875  0.875   0.000   0.026
359   0.925  0.875   0.000   0.026
360   0.975  0.875   0.000   0.026
361   0.025  0.925   0.000   0.026
362   0.075  0.925   0.000   0.026
363   0.125  0.925   0.000   0.026
364   0.175  0.925   0.000   0.026
365   0.225  0.925   0.000   0.026
366   0.275  0.925   0.000   0.026
367   0.325  0.925   0.000   0.026
368   0.375  0.925   0.000   0.026
369   0.425  0.925   0.000   0.026
370   0.475  0.925   0.000   0.026
371   0.525  0.925   0.000   0.026
372   0.575  0.925   0.000   0.026
373   0.625  0.925   0.000   0.026
374   0.675  0.925   0.000   0.026
375   0.725  0.925   0.000   0.026
376   0.775  0.925   0.000   0.026
377   0.825  0.925   0.000   0.026
378   0.875  0.925   0.000   0.026
379   0.925  0.925   0.000   0.026
380   0.975  0.925   0.000   0.026
381   0.025  0.975   0.000   0.026
382   0.075  0.975   0.000   0.026
383   0.125  0.975   0.000   0.026
384   0.175  0.975   0.000   0.026
385   0.225  0.975   0.000   0.026
386   0.275  0.975   0.000   0.026
387   0.325  0.975   0.000   0.026
388   0.375  0.975   0.000   0.026
389   0.425  0.975   0.000   0.026
390   0.475  0.975   0.000   0.026
391   0.525  0.975   0.000   0.026
392   0.575  0.975   0.000   0.026
393   0.625  0.975   0.000   0.026
394   0.675  0.975   0.000   0.026
395   0.725  0.975   0.000   0.026
396   0.775  0.975   0.000   0.026
397   0.825  0.975   0.000   0.026
398   0.875  0.975   0.000   0.026
399   0.925  0.975   0.000   0.026
400   0.975  0.975   0.000   0.026

%WALLS.LINE
3
1   0.0  1.0  0.0  0.0
2   0.0  0.0  1.0  0.0
3   1.0  0.0  1.0  1.0

%MODELPART
NAME TOP
PARTICLES 20
381 382 383 384 385 386 387 388 389 390
391 392 393 394 395 396 397 398 399 400
