particle 1
0.0000000000 -2.0000000000
0.0100100000 -1.9799600000
0.0200000000 -1.9599800000
0.0300000000 -1.9399800000
0.0400000000 -1.9199800000
0.0500000000 -1.8999800000
0.0600000000 -1.8799800000
0.0700000000 -1.8599800000
0.0800000000 -1.8399800000
0.0900000000 -1.8199800000
0.1000000000 -1.7999800000
0.1100000000 -1.7799800000
0.1200000000 -1.7599800000
0.1300000000 -1.7399800000
0.1400000000 -1.7199800000
0.1500000000 -1.6999800000
0.1600000000 -1.6799800000
0.1700000000 -1.6599800000
0.1800000000 -1.6399800000
0.1900000000 -1.6199800000
0.2000000000 -1.5999800000
0.2100000000 -1.5799800000
0.2200000000 -1.5599800000
0.2300000000 -1.5399800000
0.2400000000 -1.5199800000
0.2500000000 -1.4999800000
0.2600000000 -1.4799800000
0.2700000000 -1.4599800000
0.2800000000 -1.4399800000
0.2900000000 -1.4199800000
0.3000000000 -1.3999800000
0.3100000000 -1.3799800000
0.3200000000 -1.3599800000
0.3300000000 -1.3399800000
0.3400000000 -1.3199800000
0.3500000000 -1.2999800000
0.3600000000 -1.2799800000
0.3700000000 -1.2599800000
0.3800000000 -1.2399800000
0.3900000000 -1.2199800000
0.4000000000 -1.1999800000
0.4100000000 -1.1799800000
0.4200000000 -1.1599800000
0.4300000000 -1.1399800000
0.4400000000 -1.1199800000
0.4500000000 -1.0999800000
0.4600000000 -1.0799800000
0.4700000000 -1.0599800000
0.4800000000 -1.0399800000
0.4900000000 -1.0199800000
0.5000000000 -0.9999800000
0.5100000000 -0.9799800000
0.5200000000 -0.9599800000
0.5300000000 -0.9399800000
0.5400000000 -0.9199800000
0.5500000000 -0.8999800000
0.5600000000 -0.8799800000
0.5700000000 -0.8599800000
0.5800000000 -0.8399800000
0.5900000000 -0.8199800000
0.6000000000 -0.7999800000
0.6100000000 -0.7799800000
0.6200000000 -0.7599800000
0.6300000000 -0.7399800000
0.6400000000 -0.7199800000
0.6500000000 -0.6999800000
0.6600000000 -0.6799800000
0.6700000000 -0.6599800000
0.6800000000 -0.6399800000
0.6900000000 -0.6199800000
0.7000000000 -0.5999800000
0.7100000000 -0.5799800000
0.7200000000 -0.5599800000
0.7300000000 -0.5399800000
0.7400000000 -0.5199800000
0.7500000000 -0.4999800000
0.7600000000 -0.4877151544
0.7700000000 -0.4958535007
0.7800000000 -0.5102836012
0.7900000000 -0.5247228102
0.8000000000 -0.5391620191
0.8100000000 -0.5536012280
0.8200000000 -0.5680404369
0.8300000000 -0.5824796458
0.8400000000 -0.5969188548
0.8500000000 -0.6113580637
0.8600000000 -0.6257972726
0.8700000000 -0.6402364815
0.8800000000 -0.6546756905
0.8900000000 -0.6691148994
0.9000000000 -0.6835541083
0.9100000000 -0.6979933172
0.9200000000 -0.7124325261
0.9300000000 -0.7268717351
0.9400000000 -0.7413109440
0.9500000000 -0.7557501529
0.9600000000 -0.7701893618
0.9700000000 -0.7846285708
0.9800000000 -0.7990677797
0.9900000000 -0.8135069886
1.0000000000 -0.8279461975
1.0100000000 -0.8423854064
1.0200000000 -0.8568246154
1.0300000000 -0.8712638243
1.0400000000 -0.8857030332
1.0500000000 -0.9001422421
1.0600000000 -0.9145814511
1.0700000000 -0.9290206600
1.0800000000 -0.9434598689
1.0900000000 -0.9578990778
1.1000000000 -0.9723382867
1.1100000000 -0.9867774957
1.1200000000 -1.0012167046
1.1300000000 -1.0156559135
1.1400000000 -1.0300951224
1.1500000000 -1.0445343314
1.1600000000 -1.0589735403
1.1700000000 -1.0734127492
1.1800000000 -1.0878519581
1.1900000000 -1.1022911670
1.2000000000 -1.1167303760
1.2100000000 -1.1311695849
1.2200000000 -1.1456087938
1.2300000000 -1.1600480027
1.2400000000 -1.1744872117
1.2500000000 -1.1889264206
1.2600000000 -1.2033656295
1.2700000000 -1.2178048384
1.2800000000 -1.2322440473
1.2900000000 -1.2466832563
1.3000000000 -1.2611224652
1.3100000000 -1.2755616741
1.3200000000 -1.2900008830
1.3300000000 -1.3044400920
1.3400000000 -1.3188793009
1.3500000000 -1.3333185098
1.3600000000 -1.3477577187
1.3700000000 -1.3621969276
1.3800000000 -1.3766361366
1.3900000000 -1.3910753455
1.4000000000 -1.4055145544
1.4100000000 -1.4199537633
1.4200000000 -1.4343929723
1.4300000000 -1.4488321812
1.4400000000 -1.4632713901
1.4500000000 -1.4777105990
1.4600000000 -1.4921498079
1.4700000000 -1.5065890169
1.4800000000 -1.5210282258
1.4900000000 -1.5354674347
1.5000000000 -1.5499066436
1.5100000000 -1.5643458526
1.5200000000 -1.5787850615
1.5300000000 -1.5932242704
1.5400000000 -1.6076634793
1.5500000000 -1.6221026882
1.5600000000 -1.6365418972
1.5700000000 -1.6509811061
1.5800000000 -1.6654203150
1.5900000000 -1.6798595239
1.6000000000 -1.6942987329
1.6100000000 -1.7087379418
1.6200000000 -1.7231771507
1.6300000000 -1.7376163596
1.6400000000 -1.7520555685
1.6500000000 -1.7664947775
1.6600000000 -1.7809339864
1.6700000000 -1.7953731953
1.6800000000 -1.8098124042
1.6900000000 -1.8242516132
1.7000000000 -1.8386908221
1.7100000000 -1.8531300310
1.7200000000 -1.8675692399
1.7300000000 -1.8820084488
1.7400000000 -1.8964476578
1.7500000000 -1.9108868667
1.7600000000 -1.9253260756
1.7700000000 -1.9397652845
1.7800000000 -1.9542044935
1.7900000000 -1.9686437024
1.8000000000 -1.9830829113
1.8100000000 -1.9975221202
1.8200000000 -2.0119613292
1.8300000000 -2.0264005381
1.8400000000 -2.0408397470
1.8500000000 -2.0552789559
1.8600000000 -2.0697181648
1.8700000000 -2.0841573738
1.8800000000 -2.0985965827
1.8900000000 -2.1130357916
1.9000000000 -2.1274750005
1.9100000000 -2.1419142095
1.9200000000 -2.1563534184
1.9300000000 -2.1707926273
1.9400000000 -2.1852318362
1.9500000000 -2.1996710451
1.9600000000 -2.2141102541
1.9700000000 -2.2285494630
1.9800000000 -2.2429886719
1.9900000000 -2.2574278808
2.0000000000 -2.2718526505

