p1
0.0000000000 35309.7257181568
0.1000000000 33538.5664173646
0.2000000000 31962.4896898887
0.3000000000 30549.7778553222
0.4000000000 29273.9678068893
0.5000000000 28113.0150364802
0.6000000000 27048.5864478893
0.7000000000 26065.4625182680
0.8000000000 25151.0322655856
0.9000000000 24294.8669491031
1.0000000000 23488.3605335506
1.1000000000 22724.4267396991
1.2000000000 21997.2440302405
1.3000000000 21302.0411795203
1.4000000000 20634.9171821363
1.5000000000 19992.6901972406
1.6000000000 19372.7710268799
1.7000000000 18773.0573086397
1.8000000000 18191.8451829081
1.9000000000 17627.7556883391
2.0000000000 17079.6735584421
2.1000000000 16546.6964486156
2.2000000000 16028.0929257456
2.3000000000 15523.2678096601
2.4000000000 15031.7336740786
2.5000000000 14553.0874999941
2.6000000000 14086.9916316250
2.7000000000 13633.1583183630
2.8000000000 13191.3372391138
2.9000000000 12761.3055011167
3.0000000000 12342.8596863387
3.1000000000 11935.8095870886
3.2000000000 11539.9733304396
3.3000000000 11155.1736400198
3.4000000000 10781.2350250712
3.5000000000 10417.9817215378
3.6000000000 10065.2362393442
3.7000000000 9722.8183947560
3.8000000000 9390.5447275302
3.9000000000 9068.2282200312
4.0000000000 8755.6782501594
4.1000000000 8452.7007222130
4.2000000000 8159.0983300769
4.3000000000 7874.6709157063
4.4000000000 7599.2158930117
4.5000000000 7332.5287131981
4.6000000000 7074.4033525239
4.7000000000 6824.6328075281
4.8000000000 6583.0095861183
4.9000000000 6349.3261856794
5.0000000000 6123.3755516066
5.1000000000 5904.9515115092
5.2000000000 5693.8491818094
5.3000000000 5489.8653446568
5.4000000000 5292.7987940288
5.5000000000 5102.4506506410
5.6000000000 4918.6246458726
5.7000000000 4741.1273753643
5.8000000000 4569.7685232837
5.9000000000 4404.3610584999
6.0000000000 4244.7214040790
6.1000000000 4090.6695816315
6.2000000000 3942.0293321013
6.3000000000 3798.6282146193
6.4000000000 3660.2976850389
6.5000000000 3526.8731557461
6.6000000000 3398.1940382972
6.7000000000 3274.1037703764
6.8000000000 3154.4498285067
6.9000000000 3039.0837278693
7.0000000000 2927.8610105191
7.1000000000 2820.6412232019
7.2000000000 2717.2878858999
7.3000000000 2617.6684521634
7.4000000000 2521.6542621991
7.5000000000 2429.1204896235
7.6000000000 2339.9460827127
7.7000000000 2254.0137009156
7.8000000000 2171.2096473331
7.9000000000 2091.4237978038
8.0000000000 2014.5495271850
8.1000000000 1940.4836333565
8.2000000000 1869.1262594333
8.3000000000 1800.3808146219
8.4000000000 1734.1538941111
8.5000000000 1670.3551983557
8.6000000000 1608.8974520617
8.7000000000 1549.6963231615
8.8000000000 1492.6703420275
8.9000000000 1437.7408211471
9.0000000000 1384.8317754519
9.1000000000 1333.8698434797
9.2000000000 1284.7842095117
9.3000000000 1237.5065268190
9.4000000000 1191.9708421288
9.5000000000 1148.1135214069
9.6000000000 1105.8731770336
9.7000000000 1065.1905964418
9.8000000000 1026.0086722723
9.9000000000 988.2723340865
10.0000000000 951.9284816734

p2
0.0000000000 17258.8185534751
0.1000000000 19945.4223201581
0.2000000000 22000.3450700050
0.3000000000 23528.8644694613
0.4000000000 24620.0182142014
0.5000000000 25349.0436720502
0.6000000000 25779.4553414610
0.7000000000 25964.8135490226
0.8000000000 25950.2299609836
0.9000000000 25773.6487851804
1.0000000000 25466.9368228931
1.1000000000 25056.8106514406
1.2000000000 24565.6250551268
1.3000000000 24012.0432698025
1.4000000000 23411.6065753417
1.5000000000 22777.2181844637
1.6000000000 22119.5541703088
1.7000000000 21447.4122934140
1.8000000000 20768.0079836504
1.9000000000 20087.2253637492
2.0000000000 19409.8300336064
2.1000000000 18739.6493390729
2.2000000000 18079.7250001255
2.3000000000 17432.4422497036
2.4000000000 16799.6390176230
2.5000000000 16182.6981682110
2.6000000000 15582.6253522139
2.7000000000 15000.1146517050
2.8000000000 14435.6038713925
2.9000000000 13889.3210526002
3.0000000000 13361.3235501350
3.1000000000 12851.5308112290
3.2000000000 12359.7518245882
3.3000000000 11885.7080618513
3.4000000000 11429.0526097511
3.5000000000 10989.3860857166
3.6000000000 10566.2698398752
3.7000000000 10159.2368700287
3.8000000000 9767.8008112358
3.9000000000 9391.4633064150
4.0000000000 9029.7200174580
4.1000000000 8682.0654964718
4.2000000000 8347.9971028976
4.3000000000 8027.0181235072
4.4000000000 7718.6402278676
4.5000000000 7422.3853711562
4.6000000000 7137.7872386566
4.7000000000 6864.3923113667
4.8000000000 6601.7606195541
4.9000000000 6349.4662404049
5.0000000000 6107.0975868758
5.1000000000 5874.2575272159
5.2000000000 5650.5633681683
5.3000000000 5435.6467293979
5.4000000000 5229.1533320947
5.5000000000 5030.7427208147
5.6000000000 4840.0879343529
5.7000000000 4656.8751386940
5.8000000000 4480.8032327707
5.9000000000 4311.5834358203
6.0000000000 4148.9388635054
6.1000000000 3992.6040986054
6.2000000000 3842.3247609392
6.3000000000 3697.8570802486
6.4000000000 3558.9674749694
6.5000000000 3425.4321391708
6.6000000000 3297.0366393999
6.7000000000 3173.5755227303
6.8000000000 3054.8519369343
6.9000000000 2940.6772634153
7.0000000000 2830.8707632781
7.1000000000 2725.2592367325
7.2000000000 2623.6766958576
7.3000000000 2525.9640506377
7.4000000000 2431.9688080728
7.5000000000 2341.5447841015
7.6000000000 2254.5518280110
7.7000000000 2170.8555589632
7.8000000000 2090.3271142430
7.9000000000 2012.8429088142
8.0000000000 1938.2844057450
8.1000000000 1866.5378970803
8.2000000000 1797.4942947180
8.3000000000 1731.0489308627
8.4000000000 1667.1013676337
8.5000000000 1605.5552154104
8.6000000000 1546.3179595215
8.7000000000 1489.3007948817
8.8000000000 1434.4184682021
8.9000000000 1381.5891274165
9.0000000000 1330.7341779795
9.1000000000 1281.7781456975
9.2000000000 1234.6485457833
9.3000000000 1189.2757578331
9.4000000000 1145.5929064313
9.5000000000 1103.5357471198
9.6000000000 1063.0425574607
9.7000000000 1024.0540329546
9.8000000000 986.5131875729
9.9000000000 950.3652586864
10.0000000000 915.5576161722

p3
0.0000000000 109049.3895532378
0.1000000000 98423.3292339088
0.2000000000 89078.5298144230
0.3000000000 80844.2762552735
0.4000000000 73573.6239672282
0.5000000000 67140.0203764315
0.6000000000 61434.4115978545
0.7000000000 56362.7641874693
0.8000000000 51843.9420818217
0.9000000000 47807.8875019467
1.0000000000 44194.0620101821
1.1000000000 40950.1102457093
1.2000000000 38030.7142834940
1.3000000000 35396.6111949112
1.4000000000 33013.7503506901
1.5000000000 30852.5703952088
1.6000000000 28887.3787189072
1.7000000000 27095.8187337767
1.8000000000 25458.4123763851
1.9000000000 23958.1670757119
2.0000000000 22580.2379736269
2.1000000000 21311.6375121955
2.2000000000 20140.9856365947
2.3000000000 19058.2948330636
2.4000000000 18054.7850517531
2.5000000000 17122.7242748691
2.6000000000 16255.2910984833
2.7000000000 15446.4562166840
2.8000000000 14690.8801420035
2.9000000000 13983.8248771804
3.0000000000 13321.0775795536
3.1000000000 12698.8845386744
3.2000000000 12113.8940268531
3.3000000000 11563.1067871282
3.4000000000 11043.8330985107
3.5000000000 10553.6555085946
3.6000000000 10090.3964522828
3.7000000000 9652.0900856793
3.8000000000 9236.9577586750
3.9000000000 8843.3866307787
4.0000000000 8469.9110041758
4.1000000000 8115.1960075687
4.2000000000 7778.0233154375
4.3000000000 7457.2786311835
4.4000000000 7151.9407002456
4.5000000000 6861.0716515703
4.6000000000 6583.8084935486
4.7000000000 6319.3556143617
4.8000000000 6066.9781571529
4.9000000000 5825.9961580388
5.0000000000 5595.7793501240
5.1000000000 5375.7425497029
5.2000000000 5165.3415520453
5.3000000000 4964.0694738307
5.4000000000 4771.4534876150
5.5000000000 4587.0519008867
5.6000000000 4410.4515384715
5.7000000000 4241.2653923860
5.8000000000 4079.1305078597
5.9000000000 3923.7060782359
6.0000000000 3774.6717249280
6.1000000000 3631.7259415795
6.2000000000 3494.5846841941
6.3000000000 3362.9800912264
6.4000000000 3236.6593195920
6.5000000000 3115.3834842510
6.6000000000 2998.9266904878
6.7000000000 2887.0751492993
6.8000000000 2779.6263674303
6.9000000000 2676.3884045600
7.0000000000 2577.1791910140
7.1000000000 2481.8259001084
7.2000000000 2390.1643699031
7.3000000000 2302.0385696983
7.4000000000 2217.3001071356
7.5000000000 2135.8077721870
7.6000000000 2057.4271147177
7.7000000000 1982.0300526567
7.8000000000 1909.4945081071
7.9000000000 1839.7040689940
8.0000000000 1772.5476741041
8.1000000000 1707.9193195633
8.2000000000 1645.7177849992
8.3000000000 1585.8463777980
8.4000000000 1528.2126940212
8.5000000000 1472.7283946720
8.6000000000 1419.3089961282
8.7000000000 1367.8736736599
8.8000000000 1318.3450770561
8.9000000000 1270.6491574555
9.0000000000 1224.7150045675
9.1000000000 1180.4746935334
9.2000000000 1137.8631407432
9.3000000000 1096.8179679775
9.4000000000 1057.2793743003
9.5000000000 1019.1900151667
9.6000000000 982.4948882672
9.7000000000 947.1412256501
9.8000000000 913.0783917145
9.9000000000 880.2577866847
10.0000000000 848.6327552274

p4
0.0000000000 -20379.0309522426
0.1000000000 -14629.7992078316
0.2000000000 -9805.5678276709
0.3000000000 -5769.9577318794
0.4000000000 -2406.3019812431
0.5000000000 385.1906300757
0.6000000000 2689.8640052002
0.7000000000 4580.6939291530
0.8000000000 6120.0682733924
0.9000000000 7361.3112431004
1.0000000000 8349.9884918802
1.1000000000 9125.0246244451
1.2000000000 9719.6600687073
1.3000000000 10162.2704140455
1.4000000000 10477.0679878521
1.5000000000 10684.7025970174
1.6000000000 10802.7759255508
1.7000000000 10846.2819949753
1.8000000000 10827.9843098074
1.9000000000 10758.7387830680
2.0000000000 10647.7702293052
2.1000000000 10502.9090933229
2.2000000000 10330.7941246247
2.3000000000 10137.0458872232
2.4000000000 9926.4152921360
2.5000000000 9702.9107385274
2.6000000000 9469.9069345957
2.7000000000 9230.2380284037
2.8000000000 8986.2773013449
2.9000000000 8740.0053536502
3.0000000000 8493.0684344989
3.1000000000 8246.8283322030
3.2000000000 8002.4050368893
3.3000000000 7760.7132141951
3.4000000000 7522.4933795512
3.5000000000 7288.3385350446
3.6000000000 7058.7169215792
3.7000000000 6833.9914454522
3.8000000000 6614.4362582770
3.9000000000 6400.2509004973
4.0000000000 6191.5723599059
4.1000000000 5988.4853461612
4.2000000000 5791.0310391159
4.3000000000 5599.2145317787
4.4000000000 5413.0111570291
4.5000000000 5232.3718600484
4.6000000000 5057.2277551718
4.7000000000 4887.4939859275
4.8000000000 4723.0729899470
4.9000000000 4563.8572558130
5.0000000000 4409.7316463593
5.1000000000 4260.5753522118
5.2000000000 4116.2635301514
5.3000000000 3976.6686729963
5.4000000000 3841.6617509588
5.5000000000 3711.1131586345
5.6000000000 3584.8934968426
5.7000000000 3462.8742142792
5.8000000000 3344.9281303213
5.9000000000 3230.9298572052
6.0000000000 3120.7561371338
6.1000000000 3014.2861075975
6.2000000000 2911.4015062284
6.3000000000 2811.9868248456
6.4000000000 2715.9294209183
6.5000000000 2623.1195934441
6.6000000000 2533.4506292040
6.7000000000 2446.8188244532
6.8000000000 2363.1234863480
6.9000000000 2282.2669177515
7.0000000000 2204.1543885032
7.1000000000 2128.6940957665
7.2000000000 2055.7971156569
7.3000000000 1985.3773480076
7.4000000000 1917.3514558340
7.5000000000 1851.6388008094
7.6000000000 1788.1613758494
7.7000000000 1726.8437357121
7.8000000000 1667.6129263809
7.9000000000 1610.3984138563
8.0000000000 1555.1320128693
8.1000000000 1501.7478159419
8.2000000000 1450.1821231381
8.3000000000 1400.3733727767
8.4000000000 1352.2620733287
8.5000000000 1305.7907366685
8.6000000000 1260.9038128070
8.7000000000 1217.5476262103
8.8000000000 1175.6703137676
8.9000000000 1135.2217644573
9.0000000000 1096.1535607396
9.1000000000 1058.4189216860
9.2000000000 1021.9726478432
9.3000000000 986.7710678224
9.4000000000 952.7719865917
9.5000000000 919.9346354459
9.6000000000 888.2196236211
9.7000000000 857.5888915181
9.8000000000 828.0056654939
9.9000000000 799.4344141863
10.0000000000 771.8408063159

p5
0.0000000000 15722.7833771207
0.1000000000 14105.0911604907
0.2000000000 12766.0406123497
0.3000000000 11659.3591593291
0.4000000000 10745.9518504989
0.5000000000 9992.8308119590
0.6000000000 9372.2012824720
0.7000000000 8860.6815344524
0.8000000000 8438.6372620267
0.9000000000 8089.6138225441
1.0000000000 7799.8521180080
1.1000000000 7557.8759567890
1.2000000000 7354.1404936161
1.3000000000 7180.7328499282
1.4000000000 7031.1173037926
1.5000000000 6899.9185400274
1.6000000000 6782.7373936797
1.7000000000 6675.9943265276
1.8000000000 6576.7965663966
1.9000000000 6482.8254295803
2.0000000000 6392.2408519020
2.1000000000 6303.6005862420
2.2000000000 6215.7918941771
2.3000000000 6127.9738757835
2.4000000000 6039.5288522834
2.5000000000 5950.0214477324
2.6000000000 5859.1642139331
2.7000000000 5766.7888120950
2.8000000000 5672.8219095512
2.9000000000 5577.2650736365
3.0000000000 5480.1780506655
3.1000000000 5381.6649083963
3.2000000000 5281.8625976732
3.3000000000 5180.9315549833
3.4000000000 5079.0480240799
3.5000000000 4976.3978230034
3.6000000000 4873.1713239712
3.7000000000 4769.5594487090
3.8000000000 4665.7505117560
3.9000000000 4561.9277698254
4.0000000000 4458.2675570832
4.1000000000 4354.9379047674
4.2000000000 4252.0975593862
4.3000000000 4149.8953271835
4.4000000000 4048.4696840188
4.5000000000 3947.9485995354
4.6000000000 3848.4495327621
4.7000000000 3750.0795633163
4.8000000000 3652.9356283235
4.9000000000 3557.1048402146
5.0000000000 3462.6648648265
5.1000000000 3369.6843428423
5.2000000000 3278.2233406418
5.3000000000 3188.3338192099
5.4000000000 3100.0601118905
5.5000000000 3013.4394036041
5.6000000000 2928.5022056384
5.7000000000 2845.2728214122
5.8000000000 2763.7697996471
5.9000000000 2684.0063722694
6.0000000000 2605.9908750813
6.1000000000 2529.7271498378
6.2000000000 2455.2149268540
6.3000000000 2382.4501876613
6.4000000000 2311.4255075526
6.5000000000 2242.1303781114
6.6000000000 2174.5515100224
6.7000000000 2108.6731166177
6.8000000000 2044.4771787296
6.9000000000 1981.9436915194
7.0000000000 1921.0508940040
7.1000000000 1861.7754820518
7.2000000000 1804.0928056428
7.3000000000 1747.9770512007
7.4000000000 1693.4014098046
7.5000000000 1640.3382320791
7.6000000000 1588.7591705485
7.7000000000 1538.6353102204
7.8000000000 1489.9372881358
7.9000000000 1442.6354026000
8.0000000000 1396.6997127770
8.1000000000 1352.1001293005
8.2000000000 1308.8064965180
8.3000000000 1266.7886669629
8.4000000000 1226.0165686066
8.5000000000 1186.4602654193
8.6000000000 1148.0900117337
8.7000000000 1110.8763008798
8.8000000000 1074.7899085229
8.9000000000 1039.8019311212
9.0000000000 1005.8838198815
9.1000000000 973.0074105719
9.2000000000 941.1449495286
9.3000000000 910.2691161652
9.4000000000 880.3530422754
9.5000000000 851.3703284018
9.6000000000 823.2950575162
9.7000000000 796.1018062493
9.8000000000 769.7656538855
9.9000000000 744.2621893170
10.0000000000 719.5675161518

