p1
0.0000000000 300.0000000000
0.1000000000 303.2099002785
0.2000000000 306.2329506286
0.3000000000 309.1182626087
0.4000000000 311.8796547083
0.5000000000 314.5287130546
0.6000000000 317.0751656564
0.7000000000 319.5271965642
0.8000000000 321.8917092540
0.9000000000 324.1745471349
1.0000000000 326.3806778775
1.1000000000 328.5143472448
1.2000000000 330.5792072368
1.3000000000 332.5784226248
1.4000000000 334.5147593243
1.5000000000 336.3906575263
1.6000000000 338.2082920505
1.7000000000 339.9696220058
1.8000000000 341.6764315154
1.9000000000 343.3303629891
2.0000000000 344.9329441914
2.1000000000 346.4856101575
2.2000000000 347.9897208389
2.3000000000 349.4465752222
2.4000000000 350.8574225423
2.5000000000 352.2234711099
2.6000000000 353.5458951901
2.7000000000 354.8258402933
2.8000000000 356.0644271825
2.9000000000 357.2627548465
3.0000000000 358.4219026484
3.1000000000 359.5429318203
3.2000000000 360.6268864467
3.3000000000 361.6747940518
3.4000000000 362.6876658865
3.5000000000 363.6664969928
3.6000000000 364.6122661055
3.7000000000 365.5259354454
3.8000000000 366.4084504399
3.9000000000 367.2607394057
4.0000000000 368.0837132161
4.1000000000 368.8782649732
4.2000000000 369.6452696984
4.3000000000 370.3855840519
4.4000000000 371.1000460888
4.5000000000 371.7894750560
4.6000000000 372.4546712339
4.7000000000 373.0964158229
4.8000000000 373.7154708764
4.9000000000 374.3125792773
5.0000000000 374.8884647594
5.1000000000 375.4438319687
5.2000000000 375.9793665644
5.3000000000 376.4957353555
5.4000000000 376.9935864712
5.5000000000 377.4735495617
5.6000000000 377.9362360265
5.7000000000 378.3822392676
5.8000000000 378.8121349647
5.9000000000 379.2264813703
6.0000000000 379.6258196204
6.1000000000 380.0106740611
6.2000000000 380.3815525869
6.3000000000 380.7389469884
6.4000000000 381.0833333093
6.5000000000 381.4151722092
6.6000000000 381.7349093310
6.7000000000 382.0429756718
6.8000000000 382.3397879555
6.9000000000 382.6257490060
7.0000000000 382.9012481195
7.1000000000 383.1666614359
7.2000000000 383.4223523071
7.3000000000 383.6686716621
7.4000000000 383.9059583684
7.5000000000 384.1345395885
7.6000000000 384.3547311314
7.7000000000 384.5668377981
7.8000000000 384.7711537215
7.9000000000 384.9679626996
8.0000000000 385.1575385219
8.1000000000 385.3401452894
8.2000000000 385.5160377271
8.3000000000 385.6854614892
8.4000000000 385.8486534568
8.5000000000 386.0058420292
8.6000000000 386.1572474061
8.7000000000 386.3030818636
8.8000000000 386.4435500225
8.9000000000 386.5788491083
9.0000000000 386.7091692052
9.1000000000 386.8346935013
9.2000000000 386.9555985280
9.3000000000 387.0720543912
9.4000000000 387.1842249958
9.5000000000 387.2922682633
9.6000000000 387.3963363428
9.7000000000 387.4965758151
9.8000000000 387.5931278902
9.9000000000 387.6861285988
10.0000000000 387.7757089770

p2
0.0000000000 300.0000000000
0.1000000000 301.7407624331
0.2000000000 303.6833980002
0.3000000000 305.7905467441
0.4000000000 308.0178534130
0.5000000000 310.3285260819
0.6000000000 312.6921608994
0.7000000000 315.0837439466
0.8000000000 317.4828038702
0.9000000000 319.8726928384
1.0000000000 322.2399766903
1.1000000000 324.5739179739
1.2000000000 326.8660379840
1.3000000000 329.1097459693
1.4000000000 331.3000254284
1.5000000000 333.4331689163
1.6000000000 335.5065540530
1.7000000000 337.5184545158
1.8000000000 339.4678807212
1.9000000000 341.3544456945
2.0000000000 343.1782522939
2.1000000000 344.9397985325
2.2000000000 346.6398982275
2.3000000000 348.2796146230
2.4000000000 349.8602049849
2.5000000000 351.3830744689
2.6000000000 352.8497378203
2.7000000000 354.2617876793
2.8000000000 355.6208684536
2.9000000000 356.9286548786
3.0000000000 358.1868345166
3.1000000000 359.3970935644
3.2000000000 360.5611054327
3.3000000000 361.6805216454
3.4000000000 362.7569646747
3.5000000000 363.7920223896
3.6000000000 364.7872438445
3.7000000000 365.7441361774
3.8000000000 366.6641624235
3.9000000000 367.5487400823
4.0000000000 368.3992402998
4.1000000000 369.2169875510
4.2000000000 370.0032597272
4.3000000000 370.7592885462
4.4000000000 371.4862602190
4.5000000000 372.1853163169
4.6000000000 372.8575547918
4.7000000000 373.5040311126
4.8000000000 374.1257594841
4.9000000000 374.7237141235
5.0000000000 375.2988305729
5.1000000000 375.8520070305
5.2000000000 376.3841056853
5.3000000000 376.8959540466
5.4000000000 377.3883462559
5.5000000000 377.8620443774
5.6000000000 378.3177796600
5.7000000000 378.7562537663
5.8000000000 379.1781399675
5.9000000000 379.5840843001
6.0000000000 379.9747066842
6.1000000000 380.3506020027
6.2000000000 380.7123411400
6.3000000000 381.0604719817
6.4000000000 381.3955203750
6.5000000000 381.7179910504
6.6000000000 382.0283685060
6.7000000000 382.3271178544
6.8000000000 382.6146856348
6.9000000000 382.8915005901
7.0000000000 383.1579744109
7.1000000000 383.4145024472
7.2000000000 383.6614643896
7.3000000000 383.8992249204
7.4000000000 384.1281343370
7.5000000000 384.3485291476
7.6000000000 384.5607326409
7.7000000000 384.7650554309
7.8000000000 384.9617959786
7.9000000000 385.1512410895
8.0000000000 385.3336663914
8.1000000000 385.5093367892
8.2000000000 385.6785069023
8.3000000000 385.8414214809
8.4000000000 385.9983158062
8.5000000000 386.1494160720
8.6000000000 386.2949397506
8.7000000000 386.4350959434
8.8000000000 386.5700857155
8.9000000000 386.7001024170
9.0000000000 386.8253319905
9.1000000000 386.9459532654
9.2000000000 387.0621382400
9.3000000000 387.1740523519
9.4000000000 387.2818547367
9.5000000000 387.3856984763
9.6000000000 387.4857308369
9.7000000000 387.5820934971
9.8000000000 387.6749227664
9.9000000000 387.7643497948
10.0000000000 387.8505007743

p3
0.0000000000 250.0000000000
0.1000000000 259.6673125711
0.2000000000 268.3135540390
0.3000000000 276.1496416395
0.4000000000 283.2711322505
0.5000000000 289.7609848006
0.6000000000 295.6913054560
0.7000000000 301.1248454128
0.8000000000 306.1162867687
0.9000000000 310.7133468315
1.0000000000 314.9577268454
1.1000000000 318.8859273718
1.2000000000 322.5299493606
1.3000000000 325.9178972060
1.4000000000 329.0744977408
1.5000000000 332.0215471160
1.6000000000 334.7782957977
1.7000000000 337.3617804474
1.8000000000 339.7871101922
1.9000000000 342.0677137208
2.0000000000 344.2155527171
2.1000000000 346.2413063602
2.2000000000 348.1545309405
2.3000000000 349.9637980687
2.4000000000 351.6768144586
2.5000000000 353.3005258397
2.6000000000 354.8412071971
2.7000000000 356.3045412210
2.8000000000 357.6956865861
2.9000000000 359.0193374498
3.0000000000 360.2797753655
3.1000000000 361.4809146374
3.2000000000 362.6263420017
3.3000000000 363.7193513927
3.4000000000 364.7629744515
3.5000000000 365.7600073383
3.6000000000 366.7130343365
3.7000000000 367.6244486671
3.8000000000 368.4964708749
3.9000000000 369.3311650999
4.0000000000 370.1304535028
4.1000000000 370.8961290781
4.2000000000 371.6298670585
4.3000000000 372.3332350832
4.4000000000 373.0077022837
4.5000000000 373.6546474180
4.6000000000 374.2753661675
4.7000000000 374.8710776969
4.8000000000 375.4429305626
4.9000000000 375.9920080456
5.0000000000 376.5193329747
5.1000000000 377.0258720977
5.2000000000 377.5125400509
5.3000000000 377.9802029698
5.4000000000 378.4296817818
5.5000000000 378.8617552133
5.6000000000 379.2771625407
5.7000000000 379.6766061137
5.8000000000 380.0607536714
5.9000000000 380.4302404744
6.0000000000 380.7856712683
6.1000000000 381.1276220972
6.2000000000 381.4566419805
6.3000000000 381.7732544643
6.4000000000 382.0779590620
6.5000000000 382.3712325906
6.6000000000 382.6535304148
6.7000000000 382.9252876044
6.8000000000 383.1869200146
6.9000000000 383.4388252942
7.0000000000 383.6813838281
7.1000000000 383.9149596190
7.2000000000 384.1399011146
7.3000000000 384.3565419818
7.4000000000 384.5652018352
7.5000000000 384.7661869211
7.6000000000 384.9597907603
7.7000000000 385.1462947548
7.8000000000 385.3259687584
7.9000000000 385.4990716155
8.0000000000 385.6658516693
8.1000000000 385.8265472426
8.2000000000 385.9813870918
8.3000000000 386.1305908368
8.4000000000 386.2743693678
8.5000000000 386.4129252310
8.6000000000 386.5464529942
8.7000000000 386.6751395935
8.8000000000 386.7991646629
8.9000000000 386.9187008468
9.0000000000 387.0339140973
9.1000000000 387.1449639571
9.2000000000 387.2520038283
9.3000000000 387.3551812282
9.4000000000 387.4546380339
9.5000000000 387.5505107138
9.6000000000 387.6429305498
9.7000000000 387.7320238481
9.8000000000 387.8179121410
9.9000000000 387.9007123796
10.0000000000 387.9805371167

p4
0.0000000000 350.0000000000
0.1000000000 348.3746551770
0.2000000000 347.2549066248
0.3000000000 346.5430138848
0.4000000000 346.1717147069
0.5000000000 346.0837159400
0.6000000000 346.2302509080
0.7000000000 346.5698443906
0.8000000000 347.0672553527
0.9000000000 347.6925718659
1.0000000000 348.4204363393
1.1000000000 349.2293823282
1.2000000000 350.1012668812
1.3000000000 351.0207846927
1.4000000000 351.9750523044
1.5000000000 352.9532522861
1.6000000000 353.9463287769
1.7000000000 354.9467270035
1.8000000000 355.9481704541
1.9000000000 356.9454702963
2.0000000000 357.9343624014
2.1000000000 358.9113680058
2.2000000000 359.8736746102
2.3000000000 360.8190342048
2.4000000000 361.7456763255
2.5000000000 362.6522338080
2.6000000000 363.5376794084
2.7000000000 364.4012717255
2.8000000000 365.2425090823
2.9000000000 366.0610902188
3.0000000000 366.8568808111
3.1000000000 367.6298849747
3.2000000000 368.3802210306
3.3000000000 369.1081009157
3.4000000000 369.8138127093
3.5000000000 370.4977058215
3.6000000000 371.1601784562
3.7000000000 371.8016670173
3.8000000000 372.4226371724
3.9000000000 373.0235763312
4.0000000000 373.6049873320
4.1000000000 374.1673831546
4.2000000000 374.7112825112
4.3000000000 375.2372061815
4.4000000000 375.7456739828
4.5000000000 376.2372022781
4.6000000000 376.7123019421
4.7000000000 377.1714767141
4.8000000000 377.6152218797
4.9000000000 378.0440232290
5.0000000000 378.4583562494
5.1000000000 378.8586855148
5.2000000000 379.2454642401
5.3000000000 379.6191339749
5.4000000000 379.9801244118
5.5000000000 380.3288532915
5.6000000000 380.6657263875
5.7000000000 380.9911375558
5.8000000000 381.3054688383
5.9000000000 381.6090906102
6.0000000000 381.9023617617
6.1000000000 382.1856299078
6.2000000000 382.4592316192
6.3000000000 382.7234926704
6.4000000000 382.9787282993
6.5000000000 383.2252434759
6.6000000000 383.4633331763
6.7000000000 383.6932826598
6.8000000000 383.9153677471
6.9000000000 384.1298550981
7.0000000000 384.3370024867
7.1000000000 384.5370590740
7.2000000000 384.7302656757
7.3000000000 384.9168550258
7.4000000000 385.0970520350
7.5000000000 385.2710740421
7.6000000000 385.4391310610
7.7000000000 385.6014260200
7.8000000000 385.7581549954
7.9000000000 385.9095074382
8.0000000000 386.0556663943
8.1000000000 386.1968087181
8.2000000000 386.3331052797
8.3000000000 386.4647211657
8.4000000000 386.5918158731
8.5000000000 386.7145434978
8.6000000000 386.8330529165
8.7000000000 386.9474879626
8.8000000000 387.0579875966
8.9000000000 387.1646860706
9.0000000000 387.2677130873
9.1000000000 387.3671939541
9.2000000000 387.4632497312
9.3000000000 387.5559973756
9.4000000000 387.6455498797
9.5000000000 387.7320164051
9.6000000000 387.8155024123
9.7000000000 387.8961097859
9.8000000000 387.9739369552
9.9000000000 388.0490790108
10.0000000000 388.1216278180

p5
0.0000000000 350.0000000000
0.1000000000 351.3890264579
0.2000000000 352.6274888196
0.3000000000 353.7534298819
0.4000000000 354.7864389280
0.5000000000 355.7427865372
0.6000000000 356.6359449466
0.7000000000 357.4770303963
0.8000000000 358.2751788975
0.9000000000 359.0378652004
1.0000000000 359.7711733214
1.1000000000 360.4800257732
1.2000000000 361.1683776027
1.3000000000 361.8393804527
1.4000000000 362.4955211035
1.5000000000 363.1387382990
1.6000000000 363.7705211072
1.7000000000 364.3919915887
1.8000000000 365.0039741397
1.9000000000 365.6070535287
2.0000000000 366.2016233500
2.1000000000 366.7879263595
2.2000000000 367.3660879464
2.3000000000 367.9361438045
2.4000000000 368.4980627088
2.5000000000 369.0517651723
2.6000000000 369.5971386342
2.7000000000 370.1340497414
2.8000000000 370.6623541919
2.9000000000 371.1819045450
3.0000000000 371.6925563357
3.1000000000 372.1941727817
3.2000000000 372.6866283271
3.3000000000 373.1698112269
3.4000000000 373.6436253461
3.5000000000 374.1079913187
3.6000000000 374.5628471898
3.7000000000 375.0081486418
3.8000000000 375.4438688924
3.9000000000 375.8699983342
4.0000000000 376.2865439767
4.1000000000 376.6935287389
4.2000000000 377.0909906338
4.3000000000 377.4789818782
4.4000000000 377.8575679541
4.5000000000 378.2268266452
4.6000000000 378.5868470646
4.7000000000 378.9377286895
4.8000000000 379.2795804130
4.9000000000 379.6125196209
5.0000000000 379.9366713019
5.1000000000 380.2521671942
5.2000000000 380.5591449729
5.3000000000 380.8577474798
5.4000000000 381.1481219964
5.5000000000 381.4304195625
5.6000000000 381.7047943375
5.7000000000 381.9714030062
5.8000000000 382.2304042262
5.9000000000 382.4819581172
6.0000000000 382.7262257898
6.1000000000 382.9633689114
6.2000000000 383.1935493102
6.3000000000 383.4169286115
6.4000000000 383.6336679081
6.5000000000 383.8439274608
6.6000000000 384.0478664276
6.7000000000 384.2456426205
6.8000000000 384.4374122873
6.9000000000 384.6233299166
7.0000000000 384.8035480658
7.1000000000 384.9782172085
7.2000000000 385.1474856018
7.3000000000 385.3114991699
7.4000000000 385.4704014051
7.5000000000 385.6243332830
7.6000000000 385.7734331916
7.7000000000 385.9178368732
7.8000000000 386.0576773773
7.9000000000 386.1930850245
8.0000000000 386.3241873800
8.1000000000 386.4511092361
8.2000000000 386.5739726016
8.3000000000 386.6928967000
8.4000000000 386.8079979729
8.5000000000 386.9193900903
8.6000000000 387.0271839654
8.7000000000 387.1314877745
8.8000000000 387.2324069813
8.9000000000 387.3300443649
9.0000000000 387.4245000507
9.1000000000 387.5158715450
9.2000000000 387.6042537712
9.3000000000 387.6897391094
9.4000000000 387.7724174372
9.5000000000 387.8523761718
9.6000000000 387.9297003146
9.7000000000 388.0044724959
9.8000000000 388.0767730210
9.9000000000 388.1466799170
10.0000000000 388.2142689803

