particle 3260
0.0000000000 400.0000000000
0.1000000000 400.0000000000
0.2000000000 400.0000000000
0.3000000000 399.9999999997
0.4000000000 399.9999999242
0.5000000000 399.9999971784
0.6000000000 399.9999639484
0.7000000000 399.9997605985
0.8000000000 399.9989662091
0.9000000000 399.9966872934
1.0000000000 399.9914413747
1.1000000000 399.9811683007
1.2000000000 399.9633566901
1.3000000000 399.9352356302
1.4000000000 399.8939785696
1.5000000000 399.8368817101
1.6000000000 399.7614981397
1.7000000000 399.6657238262
1.8000000000 399.5478405523
1.9000000000 399.4065248633
2.0000000000 399.2408328236
2.1000000000 399.0501693366
2.2000000000 398.8342490328
2.3000000000 398.5930538868
2.4000000000 398.3267910851
2.5000000000 398.0358533617
2.6000000000 397.7207830360
2.7000000000 397.3822403007
2.8000000000 397.0209758517
2.9000000000 396.6378076661
3.0000000000 396.2336015782
3.1000000000 395.8092552294
3.2000000000 395.3656849486
3.3000000000 394.9038151355
3.4000000000 394.4245697529
3.5000000000 393.9288655771
3.6000000000 393.4176069024
3.7000000000 392.8916814375
3.8000000000 392.3519571746
3.9000000000 391.7992800483
4.0000000000 391.2344722311
4.1000000000 390.6583309434
4.2000000000 390.0716276733
4.3000000000 389.4751077263
4.4000000000 388.8694900355
4.5000000000 388.2554671805
4.6000000000 387.6337055688
4.7000000000 387.0048457471
4.8000000000 386.3695028114
4.9000000000 385.7282668962
5.0000000000 385.0817037220
5.1000000000 384.4303551870
5.2000000000 383.7747399923
5.3000000000 383.1153542895
5.4000000000 382.4526723430
5.5000000000 381.7871472022
5.6000000000 381.1192113765
5.7000000000 380.4492775108
5.8000000000 379.7777390568
5.9000000000 379.1049709375
6.0000000000 378.4313302042
6.1000000000 377.7571566816
6.2000000000 377.0827736021
6.3000000000 376.4084882265
6.4000000000 375.7345924508
6.5000000000 375.0613633981
6.6000000000 374.3890639957
6.7000000000 373.7179435363
6.8000000000 373.0482382227
6.9000000000 372.3801716976
7.0000000000 371.7139555562
7.1000000000 371.0497898428
7.2000000000 370.3878635315
7.3000000000 369.7283549909
7.4000000000 369.0714324324
7.5000000000 368.4172543437
7.6000000000 367.7659699064
7.7000000000 367.1177193983
7.8000000000 366.4726345816
7.9000000000 365.8308390757
8.0000000000 365.1924487168
8.1000000000 364.5575719031
8.2000000000 363.9263099268
8.3000000000 363.2987572930
8.4000000000 362.6750020258
8.5000000000 362.0551259629
8.6000000000 361.4392050371
8.7000000000 360.8273095472
8.8000000000 360.2195044176
8.9000000000 359.6158494469
9.0000000000 359.0163995466
9.1000000000 358.4212049693
9.2000000000 357.8303115274
9.3000000000 357.2437608031
9.4000000000 356.6615903486
9.5000000000 356.0838338786
9.6000000000 355.5105214536
9.7000000000 354.9416796562
9.8000000000 354.3773317590
9.9000000000 353.8174978862
10.0000000000 353.2621951668

