particle 1
0.0000000000 300.0000000000
0.0500000000 300.0000000000
0.1000000000 300.0000000000
0.1500000000 300.0000000000
0.2000000000 300.0000000000
0.2500000000 300.0000000000
0.3000000000 300.0000000000
0.3500000000 300.0000000000
0.4000000000 300.0000000000
0.4500000000 300.0000000000
0.5000000000 300.0000000000
0.5500000000 300.0000000000
0.6000000000 313.1547336948
0.6500000000 313.1547336948
0.7000000000 313.1547336948
0.7500000000 313.1547336948
0.8000000000 313.1547336948
0.8500000000 313.1547336948
0.9000000000 313.1547336948
0.9500000000 313.1547336948
1.0000000000 313.1547336948
1.0500000000 313.1547336948
1.1000000000 313.1547336948
1.1500000000 313.1547336948
1.2000000000 313.1547336948
1.2500000000 313.1547336948
1.3000000000 313.1547336948
1.3500000000 313.1547336948
1.4000000000 313.1547336948
1.4500000000 313.1547336948
1.5000000000 313.1547336948
1.5500000000 324.2814440581
1.6000000000 324.2814440581
1.6500000000 324.2814440581
1.7000000000 324.2814440581
1.7500000000 324.2814440581
1.8000000000 324.2814440581
1.8500000000 324.2814440581
1.9000000000 324.2814440581
1.9500000000 324.2814440581
2.0000000000 324.2814440581
2.0500000000 324.2814440581
2.1000000000 324.2814440581
2.1500000000 324.2814440581
2.2000000000 324.2814440581
2.2500000000 324.2814440581
2.3000000000 325.7030217895
2.3500000000 333.6930966290
2.4000000000 333.6930966290
2.4500000000 333.6930966290
2.5000000000 333.6930966290
2.5500000000 333.6930966290
2.6000000000 333.6930966290
2.6500000000 333.6930966290
2.7000000000 333.6930966290
2.7500000000 333.6930966290
2.8000000000 333.6930966290
2.8500000000 333.6930966290
2.9000000000 333.6930966290
2.9500000000 333.7992956217
3.0000000000 341.6959985911
3.0500000000 341.6959985911
3.1000000000 341.6959985911
3.1500000000 341.6959985911
3.2000000000 341.6959985911
3.2500000000 341.6959985911
3.3000000000 341.6959985911
3.3500000000 341.6959985911
3.4000000000 341.6959985911
3.4500000000 341.6959985911
3.5000000000 344.1974182615
3.5500000000 348.5330459431
3.6000000000 348.5330459431
3.6500000000 348.5330459431
3.7000000000 348.5330459431
3.7500000000 348.5330459431
3.8000000000 348.5330459431
3.8500000000 348.5330459431
3.9000000000 348.5330459431
3.9500000000 351.5613977188
4.0000000000 354.4074774846
4.0500000000 354.4074774846
4.1000000000 354.4074774846
4.1500000000 354.4074774846
4.2000000000 354.4074774846
4.2500000000 354.4074774846
4.3000000000 354.4074774846
4.3500000000 359.4835487884
4.4000000000 359.4835487884
4.4500000000 359.4835487884
4.5000000000 359.4835487884
4.5500000000 359.4835487884
4.6000000000 359.4835487884
4.6500000000 363.8974455636
4.7000000000 363.8974455636
4.7500000000 363.8974455636
4.8000000000 363.8974455636
4.8500000000 363.8974455636
4.9000000000 367.7592960848
4.9500000000 367.7649488061
5.0000000000 367.7649488061
5.0500000000 367.7649488061
5.1000000000 370.1732684771
5.1500000000 371.1691833909
5.2000000000 371.1691833909
5.2500000000 371.1691833909
5.3000000000 374.2217190410
5.3500000000 374.2217190410
5.4000000000 374.2217190410
5.4500000000 376.9687180308
5.5000000000 376.9687180308
5.5500000000 378.0109740489
5.6000000000 379.5067078758
5.6500000000 379.8448206772
5.7000000000 381.9542994503
5.7500000000 382.3156503775
5.8000000000 384.3228114625
5.8500000000 385.0451465824
5.9000000000 387.0828948362
5.9500000000 388.2193241755
6.0000000000 389.5104519997
6.0500000000 390.7424749977
6.1000000000 391.6076791741
6.1500000000 392.6342150670
6.2000000000 393.3688535340
6.2500000000 394.1153949825
6.3000000000 394.7698902499
6.3500000000 395.3163626567
6.4000000000 395.8551074514
6.4500000000 396.2905942849
6.5000000000 396.7055037384
6.5500000000 397.0661336089
6.6000000000 397.3833843401
6.6500000000 397.6756970413
6.7000000000 397.9258569212
6.7500000000 398.1558452993
6.8000000000 398.3572324653
6.8500000000 398.5367777905
6.9000000000 398.6982521534
6.9500000000 398.8398826965
7.0000000000 398.9677800623
7.0500000000 399.0806118847
7.1000000000 399.1813884729
7.1500000000 399.2713099961
7.2000000000 399.3509593651
7.2500000000 399.4222908130
7.3000000000 399.4855169500
7.3500000000 399.5419403208
7.4000000000 399.5921777441
7.4500000000 399.6368377448
7.5000000000 399.6766908001
7.5500000000 399.7121033129
7.6000000000 399.7436744748
7.6500000000 399.7717740541
7.7000000000 399.7967841874
7.7500000000 399.8190701883
7.8000000000 399.8388963991
7.8500000000 399.8565605503
7.9000000000 399.8722835727
7.9500000000 399.8862827253
8.0000000000 399.8987503429
8.0500000000 399.9098476019
8.1000000000 399.9197312541
8.1500000000 399.9285298928
8.2000000000 399.9363643797
8.2500000000 399.9433404750
8.3000000000 399.9495511158
8.3500000000 399.9550816262
8.4000000000 399.9600054364
8.4500000000 399.9643896744
8.5000000000 399.9682933376
8.5500000000 399.9717689489
8.6000000000 399.9748637132
8.6500000000 399.9776191139
8.7000000000 399.9800725272
8.7500000000 399.9822569855
8.8000000000 399.9842019636
8.8500000000 399.9859337635
8.9000000000 399.9874756956
8.9500000000 399.9888486182
9.0000000000 399.9900710342
9.0500000000 399.9911594472
9.1000000000 399.9921285537
9.1500000000 399.9929914204
9.2000000000 399.9937597041
9.2500000000 399.9944437660
9.3000000000 399.9950528413
9.3500000000 399.9955951505
9.4000000000 399.9960780103
9.4500000000 399.9965079401
9.5000000000 399.9968907402
9.5500000000 399.9972315779
9.6000000000 399.9975350530
9.6500000000 399.9978052609
9.7000000000 399.9980458487
9.7500000000 399.9982600631
9.8000000000 399.9984507954
9.8500000000 399.9986206195
9.9000000000 399.9987718275
9.9500000000 399.9989064600
10.0000000000 399.9990263341

