particle 1
0.0000000000 2.0000000000
0.0500000000 1.9877129750
0.1000000000 1.9509009500
0.1500000000 1.8895639250
0.2000000000 1.8037019000
0.2500000000 1.6933148750
0.3000000000 1.5584028500
0.3500000000 1.3989658250
0.4000000000 1.2150038000
0.4500000000 1.0065167750
0.5000000000 0.7735047500
0.5500000000 0.5159677250
0.6000000000 0.5986011517
0.6500000000 0.8033016170
0.7000000000 0.9834770823
0.7500000000 1.1391275476
0.8000000000 1.2702530129
0.8500000000 1.3768534782
0.9000000000 1.4589289435
0.9500000000 1.5164794087
1.0000000000 1.5495048740
1.0500000000 1.5580053393
1.1000000000 1.5419808046
1.1500000000 1.5014312699
1.2000000000 1.4363567352
1.2500000000 1.3467572005
1.3000000000 1.2326326658
1.3500000000 1.0939831311
1.4000000000 0.9308085964
1.4500000000 0.7431090617
1.5000000000 0.5308845270
1.5500000000 0.5633486124
1.6000000000 0.7294203347
1.6500000000 0.8709670571
1.7000000000 0.9879887794
1.7500000000 1.0804855017
1.8000000000 1.1484572240
1.8500000000 1.1919039464
1.9000000000 1.2108256687
1.9500000000 1.2052223910
2.0000000000 1.1750941133
2.0500000000 1.1204408357
2.1000000000 1.0412625580
2.1500000000 0.9375592803
2.2000000000 0.8093310026
2.2500000000 0.6565777250
2.3000000000 0.4813753787
2.3500000000 0.5838533813
2.4000000000 0.7114608882
2.4500000000 0.8145433950
2.5000000000 0.8931009019
2.5500000000 0.9471334088
2.6000000000 0.9766409156
2.6500000000 0.9816234225
2.7000000000 0.9620809294
2.7500000000 0.9180134362
2.8000000000 0.8494209431
2.8500000000 0.7563034500
2.9000000000 0.6386609568
2.9500000000 0.4965280981
3.0000000000 0.5551369900
3.0500000000 0.6571199448
3.1000000000 0.7345778996
3.1500000000 0.7875108544
3.2000000000 0.8159188091
3.2500000000 0.8198017639
3.3000000000 0.7991597187
3.3500000000 0.7539926735
3.4000000000 0.6843006283
3.4500000000 0.5900835831
3.5000000000 0.4795311600
3.5500000000 0.5598271129
3.6000000000 0.6341478026
3.6500000000 0.6839434924
3.7000000000 0.7092141821
3.7500000000 0.7099598719
3.8000000000 0.6861805617
3.8500000000 0.6378762514
3.9000000000 0.5650469412
3.9500000000 0.4815640697
4.0000000000 0.5511379969
4.0500000000 0.6049223125
4.1000000000 0.6341816280
4.1500000000 0.6389159435
4.2000000000 0.6191252590
4.2500000000 0.5748095746
4.3000000000 0.5059688901
4.3500000000 0.5176130781
4.4000000000 0.5656100264
4.4500000000 0.5890819746
4.5000000000 0.5880289229
4.5500000000 0.5624508712
4.6000000000 0.5123478194
4.6500000000 0.5064369845
4.7000000000 0.5451281015
4.7500000000 0.5592942185
4.8000000000 0.5489353354
4.8500000000 0.5140514524
4.9000000000 0.4997195788
4.9500000000 0.5304417490
5.0000000000 0.5366389192
5.0500000000 0.5183110893
5.1000000000 0.4913470797
5.1500000000 0.5182743551
5.2000000000 0.5223513066
5.2500000000 0.5019032581
5.3000000000 0.5026349861
5.3500000000 0.5140747207
5.4000000000 0.5009894553
5.4500000000 0.5009440804
5.5000000000 0.5074660037
5.5500000000 0.4935958808
5.6000000000 0.5038067933
5.6500000000 0.4966456471
5.7000000000 0.5003144835
5.7500000000 0.4969100011
5.8000000000 0.4986046904
5.8500000000 0.4963026636
5.9000000000 0.4947033197
5.9500000000 0.4985181521
6.0000000000 0.4942745133
6.0500000000 0.4975624561
6.1000000000 0.4959214059
6.1500000000 0.4959171210
6.2000000000 0.4970780962
6.2500000000 0.4954470836
6.3000000000 0.4969255961
6.3500000000 0.4959925262
6.4000000000 0.4962652335
6.4500000000 0.4965380878
6.5000000000 0.4959621289
6.5500000000 0.4965807387
6.6000000000 0.4961154195
6.6500000000 0.4963349710
6.7000000000 0.4963534447
6.7500000000 0.4961729269
6.8000000000 0.4964139973
6.8500000000 0.4962017454
6.9000000000 0.4963308204
6.9500000000 0.4962985317
7.0000000000 0.4962531360
7.0500000000 0.4963397530
7.1000000000 0.4962497916
7.1500000000 0.4963154492
7.2000000000 0.4962863520
7.2500000000 0.4962810964
7.3000000000 0.4963089716
7.3500000000 0.4962734372
7.4000000000 0.4963038324
7.4500000000 0.4962860608
7.5000000000 0.4962896820
7.5500000000 0.4962970927
7.6000000000 0.4962841139
7.6500000000 0.4962971655
7.7000000000 0.4962879301
7.7500000000 0.4962917431
7.8000000000 0.4962928762
7.8500000000 0.4962885979
7.9000000000 0.4962938220
7.9500000000 0.4962894803
8.0000000000 0.4962919144
8.0500000000 0.4962915441
8.1000000000 0.4962903522
8.1500000000 0.4962922903
8.2000000000 0.4962904013
8.2500000000 0.4962916960
8.3000000000 0.4962912032
8.3500000000 0.4962909856
8.4000000000 0.4962916387
8.4500000000 0.4962908726
8.5000000000 0.4962914912
8.5500000000 0.4962911597
8.6000000000 0.4962911909
8.6500000000 0.4962913803
8.7000000000 0.4962910918
8.7500000000 0.4962913646
8.8000000000 0.4962911837
8.8500000000 0.4962912463
8.9000000000 0.4962912855
8.9500000000 0.4962911863
9.0000000000 0.4962912984
9.0500000000 0.4962912105
9.1000000000 0.4962912553
9.1500000000 0.4962912540
9.2000000000 0.4962912243
9.2500000000 0.4962912671
9.3000000000 0.4962912278
9.3500000000 0.4962912529
9.4000000000 0.4962912452
9.4500000000 0.4962912384
9.5000000000 0.4962912534
9.5500000000 0.4962912371
9.6000000000 0.4962912495
9.6500000000 0.4962912435
9.7000000000 0.4962912432
9.7500000000 0.4962912478
9.8000000000 0.4962912415
9.8500000000 0.4962912472
9.9000000000 0.4962912437
9.9500000000 0.4962912446
10.0000000000 0.4962912457

