%PARTICLES.SPHERE
108
1    -4.8136725796917434e-01  -8.3345644736754321e-01   -2.3271439629582296e+00   0.04164709895849228
2    -5.5072093383968546e-01  -7.5829416319114573e-01    1.3133350594334741e+00   0.06523829698562622
3    -3.9009346331425226e-01  -8.6143671845787806e-01   -7.9406639169942017e-01   0.05814800038933754
4    -2.8657097408799098e-01  -9.0321160974716741e-01    2.2387148933215614e-01   0.05622199922800064
5    -6.4247836191571839e-01  -7.1964254228653846e-01   -3.7048583454394379e-01   0.03805390000343323
6    -4.2639344997489431e-01  -7.4979813699404074e-01   -2.1086891370762326e+00   0.06119009852409363
7    -2.1723167934152834e-01  -8.2676848652045609e-01   -1.8775146176710189e+00   0.05100519955158234
8    -3.0817684619235142e-01  -8.0227349172469242e-01    8.8994208040699296e-01   0.04754260182380676
9    -5.9279386617305929e-01  -6.7336112740381693e-01   -2.4667073789388629e+00   0.03131530061364174
10   -2.0248386562850768e-01  -9.4415315474116102e-01   -4.2356126996959714e-01   0.03694039955735207
11   -3.3209564855958512e-01  -7.2185322971044852e-01    2.1714643030708709e+00   0.03994280099868774
12   -1.4451715895489925e-01  -7.6637223276173017e-01    2.1671987536375963e+00   0.04747540131211281
13   -1.5035650557628191e-01  -8.8607757416869359e-01   -1.4403731132088007e-01   0.04401360079646111
14   -2.4123636467425574e-01  -7.2962333333045659e-01   -3.4831887806598077e-01   0.05243320018053055
15   -1.1763283078071179e-01  -9.5749806865835008e-01   -8.4619218899925941e-01   0.03858439996838570
16   -3.9801788240378760e-01  -6.4915130513903196e-01   -5.6928924585039886e-01   0.04523330181837082
17   -5.4310092961394572e-02  -7.5757193307094972e-01   -2.2616965881446900e+00   0.04685309901833534
18   -3.1080578996041541e-01  -6.4555912202337673e-01   -4.1324472829443332e-01   0.04325129836797714
19   -1.4988743657262513e-01  -6.7358553018251943e-01   -7.5617262612423952e-01   0.04745399951934814
20   -6.1019234771545930e-02  -8.5684976594810247e-01    8.2288741199768800e-01   0.05447230115532875
21   -4.9828891444205303e-01  -6.5270451912906691e-01    7.3656647423835464e-01   0.05579720064997673
22   -2.2943066068082213e-01  -6.4012308241473259e-01    1.2660459683910992e+00   0.04094300046563148
23   -3.4024103738894210e-02  -9.5362594983959070e-01   -1.0243711480742514e+00   0.04743869975209236
24   -4.4182223889735733e-01  -5.6368696642549632e-01   -2.1417253493953479e+00   0.05205769836902618
25   -6.2598809163127170e-02  -6.7231734717066816e-01   -2.3210771234982528e+00   0.04145300015807152
26    2.7598424935335132e-02  -7.9398060657264902e-01   -8.6249552564265294e-03   0.04631720110774040
27   -3.5299642401806020e-01  -5.7646049543010114e-01    1.7614621769683325e+00   0.04055260121822357
28   -2.7358654960616796e-01  -5.7204310590332819e-01    1.0516068543380457e+00   0.04116670042276382
29    2.6491030022734792e-02  -8.7391470255434600e-01    2.3052299773141227e-01   0.03905409947037697
30   -6.2130678550201135e-01  -6.0361149576203621e-01    3.1228935793788124e+00   0.04605380073189735
31   -3.7285187230181266e-01  -4.8840453238711701e-01    1.0818888630597807e+00   0.05166170001029968
32    6.3750239885166732e-02  -9.5122820380060558e-01    1.8263169717136332e-01   0.05307789891958237
33   -9.7450090169805034e-02  -5.9553441987399136e-01   -1.1181363041324975e-01   0.04545009881258011
34   -5.4120263572974403e-01  -5.5678456500903450e-01    6.1951692274400418e+00   0.04980830103158951
35    2.3315286814692179e-02  -6.9982144209755093e-01    2.7172005798066676e+00   0.05095459893345833
36    1.0929993814527512e-01  -7.6445545702619921e-01   -2.2483485074518594e-01   0.04435009881854057
37   -4.8820387085550598e-01  -4.8275589224527138e-01   -9.9168671845724210e-01   0.04281689971685410
38   -1.8524058219041378e-01  -5.6446731947156104e-01   -1.5855347357174727e+00   0.05001090094447136
39   -6.9448027484607666e-01  -6.5639203011334135e-01    7.7453453415555398e+00   0.04731180146336555
40    1.2018733026154366e-01  -8.6176351599988177e-01    7.9293964517852238e-03   0.05704360082745552
41   -6.4974550261466990e-01  -5.2122353790109310e-01    6.5844591694218098e+00   0.04261370003223419
42   -2.7619114124282856e-01  -4.8719682093455496e-01   -7.6503961658540465e-01   0.04528589919209480
43   -5.1948128989804276e-01  -4.0378979530674020e-01    6.5776388775992771e+00   0.04343960061669350
44   -3.2790336912394348e-03  -6.0405698357202242e-01    5.8333508463979666e-01   0.05018879845738411
45    1.5219056891378818e-01  -9.5087638317790801e-01   -2.2624574209215059e-01   0.03848050162196159
46    1.1368966693107582e-01  -6.7971443171274071e-01   -1.9158084725203530e+00   0.04434509947896004
47   -3.2034666872447742e-01  -4.1188163298189395e-01   -3.2775805694624294e-01   0.04293670132756233
48   -1.1249835301166358e-01  -5.0632698348537009e-01    1.6011692213298159e+00   0.04573599994182587
49    1.9926175872289345e-01  -7.3876481099829550e-01    3.0361482296335400e+00   0.05234169960021973
50   -7.4917003702864082e-01  -5.6062139520440668e-01   -3.1369483965971332e+00   0.06602100282907486
51   -1.9225517608718826e-01  -4.7719892034170319e-01    2.0021624447519741e+00   0.03996390104293823
52   -5.7927263447846689e-01  -4.6920875281557556e-01   -7.3646611887135354e+00   0.04677490144968033
53    2.2102540916921312e-01  -8.3653359080634415e-01   -2.4838573662760358e-01   0.05041199922561646
54   -2.3324831387683995e-01  -4.0393554097011425e-01    8.4942265595273359e-01   0.04591330140829086
55    1.1294904650214044e-01  -5.9502307512902741e-01   -8.5031981045523286e-01   0.04321359843015671
56    2.3149082595018119e-01  -9.2901273013682106e-01   -3.7992995201161693e-02   0.04701599851250648
57   -4.8719482166493439e-01  -3.1364232784788071e-01   -3.6324070171781373e+00   0.05381830036640167
58    5.6588317974986667e-02  -5.2906650649156151e-01    1.0492319068696356e+00   0.04753600060939789
59    1.9553897166516956e-01  -6.3526290713426614e-01    2.1264051172939045e+00   0.05176839977502823
60   -2.8552074913862711e-02  -5.1518166880326621e-01    7.4521464579856245e-01   0.04140080139040947
61   -2.8607491638462818e-01  -3.3689150662626222e-01    1.0621903473725001e+00   0.04010599851608276
62    2.8069464172455039e-01  -6.8200338152486140e-01   -1.7666192999978434e+00   0.04996379837393761
63   -1.2835215731703203e-01  -4.0703866747852085e-01    4.1390715937796585e-01   0.05624330043792725
64   -8.2298850149997693e-01  -4.6848240657925327e-01    1.2073220076754508e-02   0.05400560051202774
65   -8.7226404147409753e-01  -3.7847018367999147e-01    8.7579175271484377e+00   0.04978390038013458
66   -1.8810215189685983e-01  -3.3197502042597266e-01   -3.2137459649614977e+00   0.04007609933614731
67    2.9026365827024397e-01  -7.7500865591077805e-01    1.4042049046146046e+00   0.04582050070166588
68   -7.0810059331204867e-01  -4.6420488907071888e-01    8.6413518270784913e+00   0.03941160067915916
69    1.8598438159637326e-01  -5.3191540082148003e-01    4.7096361700522443e-01   0.05428560078144073
70    1.1759734638273478e-01  -4.5564594725298047e-01   -3.6993767480889189e-01   0.04954700171947479
71    2.6154043783067471e-01  -5.8043094344017476e-01    2.1797652076809739e+00   0.03565650060772896
72    3.3778258368364644e-01  -6.0583947912585401e-01    4.5919393105296824e-01   0.04592959955334663
73    3.2571164655954593e-01  -8.8221369109029713e-01    3.5002843831268074e-02   0.06193390116095543
74    2.2367917743682571e-02  -4.4419984634134208e-01    2.4243616408647353e+00   0.04638060182332993
75   -4.3431455344184461e-01  -4.1788810959589934e-01   -4.5359144970439180e+00   0.04276579990983009
76   -3.8120327583579966e-01  -3.3641334095011705e-01    5.7609325977555876e+00   0.05534239858388901
77    3.7453582267051394e-01  -6.9220348910304685e-01    1.4047522698715542e+00   0.04963050037622452
78   -3.1071232500856381e-02  -3.6533885817355594e-01   -2.8497201550908478e+00   0.05054289847612381
79    3.8250219524555301e-01  -7.8931582355513652e-01   -1.1294872966898442e+00   0.05086980015039444
80    4.3933708304670949e-01  -4.9398315534569992e-01   -2.6839250201105891e+00   0.03643000125885010
81    3.6970483109152052e-01  -5.3031539714865350e-01    7.4683896123402311e+00   0.03705349937081337
82    2.8693228674163618e-01  -4.9582338737339654e-01   -4.8876084151405639e+00   0.05399660021066666
83    3.7299145450188947e-01  -4.4593027015109604e-01    8.2052192199398333e-01   0.04655420035123825
84    2.0923313158740039e-01  -4.3642888354111325e-01    4.0470943585768637e+00   0.04471680149435997
85    4.4161034641100522e-01  -5.8141739268557868e-01   -3.3255500928150705e-01   0.05266660079360008
86   -1.0691861632587762e-01  -3.0825391534303925e-01    1.7360367511321664e+00   0.04519079998135567
87    4.7231819473143710e-01  -6.8064987276699795e-01   -6.2655972139872873e-01   0.05416899919509888
88    5.7818319255422990e-01  -6.5357544714010052e-01   -2.5482818982141939e+00   0.05992120131850243
89    7.7953271956858972e-02  -3.5707766138200736e-01    8.9141205768364551e-01   0.05790869891643524
90    5.0881740373291673e-01  -5.2122194575628800e-01    3.2054965964354301e+00   0.03881619870662689
91    5.4161057757940256e-01  -4.4077935093990067e-01   -1.7259020436226546e+00   0.04929360002279282
92    5.0300559809479606e-01  -3.5294096154047350e-01   -3.8868182916911009e+00   0.04755590111017227
93    4.2052241672102630e-01  -8.7029276830375379e-01    8.1251727482428482e-02   0.03395390138030052
94    4.9580148667505519e-01  -7.9557808596871327e-01   -1.7184480674596381e-01   0.06728389859199524
95    6.4622922799694216e-01  -7.1814551646721481e-01    6.6466228247105996e-01   0.03814629837870598
96    5.3071992701649751e-01  -5.8213940996491309e-01   -1.1423287119818347e+01   0.02718950062990189
97    6.9479349895603271e-01  -6.3624375727931559e-01   -2.1732188691566412e+00   0.06023630127310753
98    5.9089215580671206e-01  -7.6315611523178284e-01   -2.5883692802567354e-01   0.03638819977641106
99    4.5375432224776724e-01  -4.2203818822157335e-01    4.1655613178467803e+00   0.03804159909486771
100   7.6814895803850880e-01  -5.4699574880963209e-01    1.3389996530736019e+00   0.05824629962444305
101   6.5462923693481678e-01  -4.1806439492362629e-01   -5.8851011611384560e+00   0.04974859952926636
102   7.4250277682328314e-01  -3.8797594597391699e-01    1.8111442128635271e+00   0.04354630038142204
103   8.3435894701728763e-01  -4.7597883764214510e-01   -2.0606811412107611e+00   0.04100840166211128
104   6.1814108534783696e-01  -5.3185215893512605e-01    1.6142567631050679e+00   0.07088900357484818
105   8.6503452098440237e-01  -3.9144953155314155e-01   -2.6322764675168648e+00   0.05088829994201660
106   7.0692853038857795e-01  -4.8096217980345513e-01   -3.0759699471560022e+00   0.03255509957671165
107   7.6546034294191567e-01  -4.5817595850730186e-01    3.1386568060183722e+00   0.03130460157990456
108   9.0426490717994534e-01  -3.0321540575849248e-01   -5.1588889543235057e+00   0.04681029915809631

%WALLS.CIRCLE
1
1   0.00  0.00   1.00
