%PARTICLES.SPHERE
296
1    -9.4818825303314258e-01  1.2309363655993477e+00  -5.8216789448964434e-01   5.2113499492406852e-02
2    -8.7991632175873347e-01  1.2970815883689344e+00   1.7719343731122397e-01   4.3591100722551353e-02
3    -7.5093455708004631e-01  1.2525957676444204e+00  -2.1033685682222485e+00   4.4918898493051529e-02
4    -8.6217525559564978e-01  1.1663247763172693e+00   1.1957309505850904e+00   4.0754601359367371e-02
5    -9.4709242002898908e-01  1.1253687658561449e+00   3.5081621013099828e-01   5.5017299950122833e-02
6    -8.2978385116551923e-01  1.2352716701491775e+00   2.3722260614716495e+00   3.6750201135873788e-02
7    -5.5028329160322198e-01  1.3108373804116908e+00   3.6982323443241039e-01   5.1377698779106140e-02
8    -6.6379308753129540e-01  1.2732834288031274e+00   1.8028396327196192e+00   4.1571199893951423e-02
9    -7.8074749484655304e-01  1.1480117542513066e+00   1.0649741703401876e+00   4.3837498873472207e-02
10   -8.4775164953094340e-01  1.0640396665731413e+00   5.4854171606178254e-02   6.3703797757625580e-02
11   -6.8574974520307241e-01  1.1853957424528041e+00   4.9400554015935455e-01   4.9823101609945297e-02
12   -9.4870444288347477e-01  1.0281090329470608e+00  -9.9455113280724727e-01   4.4800300151109702e-02
13   -4.1867867974191114e-01  1.3470147775410715e+00  -1.2281241472818478e+00   4.8476900905370712e-02
14   -4.6644079097705327e-01  1.2706221369141280e+00   2.6370491311511834e+00   4.2484700679779053e-02
15   -5.0465109251117057e-01  1.2045212791457804e+00  -2.9463972361035067e+00   3.4480199217796333e-02
16   -7.1203229446000871e-01  1.1013453180513166e+00   2.7786947844727867e-02   4.0605999529361718e-02
17   -5.8952225692882210e-01  1.2160481821415208e+00   8.8627635875363375e-01   5.2550498396158218e-02
18   -7.4725614429304288e-01  1.0225420982146309e+00   4.8701376398874113e-01   4.8092000186443329e-02
19   -9.6917773750723979e-01  9.5571100762201133e-01   2.2164353478367804e-01   3.3954199403524399e-02
20   -6.0988758022768474e-01  1.1160752659666959e+00   5.0937021497366453e-01   5.1474899053573608e-02
21   -3.7256964222062194e-01  1.2669348446338975e+00   2.4481210260429459e-01   4.4820800423622131e-02
22   -4.2491557279179665e-01  1.1923459176543449e+00   4.6361753002907846e-01   4.7435000538825989e-02
23   -2.9812320828092370e-01  1.3177626778847087e+00  -7.6810453915821342e-01   4.6142600476741791e-02
24   -8.7940087661229183e-01  9.4720074121324316e-01   9.8709883116638489e-02   5.8889199048280723e-02
25   -2.2088875926061297e-01  1.3719669630655946e+00   2.3653566512081345e-01   4.8688899725675583e-02
26   -6.5946272747476875e-01  1.0378495097859155e+00   8.1143536415821704e-01   4.3688699603080750e-02
27   -4.8751868916824037e-01  1.1300365608868548e+00  -2.9588421428713668e-01   4.2446598410606377e-02
28   -7.7963917122691606e-01  9.4065093103950381e-01   1.6439477064879129e-01   4.3494399636983871e-02
29   -9.5801570947584802e-01  8.8281080242520360e-01  -4.4871423647469161e-01   4.3291900306940079e-02
30   -5.3659172388099297e-01  1.0718507907900612e+00   1.6750396608837295e-01   3.5697899758815772e-02
31   -5.8224121467555445e-01  1.0130123741152053e+00   1.4840279743823612e-01   4.0380101650953293e-02
32   -3.3364601810122640e-01  1.1872071550345880e+00   7.2977108643339827e-01   4.5066699385643012e-02
33   -2.6770973418439714e-01  1.2387355262924620e+00   1.4185423023068968e+00   3.9628200232982642e-02
34   -1.9725750498801220e-01  1.2829952762994754e+00   4.6692086014898371e-01   4.4454999268054962e-02
35   -3.9336670025089482e-01  1.1142452777113878e+00   2.0607766277787928e-01   3.8861900568008423e-02
36   -1.0846593413236259e-01  1.2906706567109036e+00  -1.7850065989884258e+00   4.5229200273752213e-02
37   -4.4726094190886256e-01  1.0607577822686478e+00   5.1079682847753194e-01   3.8355499505996697e-02
38   -8.7886854620353949e-01  8.4397029636794219e-01  -6.8201644070035972e-01   4.6891298145055771e-02
39   -6.8255601279168454e-01  9.4355852917756877e-01  -1.1193029197580984e+00   5.5948898196220398e-02
40   -5.0222480510387513e-01  1.0037265930572741e+00  -3.4563674237909781e-01   4.2519498616456992e-02
41   -2.4297224227080028e-01  1.1584754321425794e+00   2.1325469677383715e-01   4.5781098306179047e-02
42   -8.0126251080937527e-01  8.6539960997147225e-01  -7.4270454550054266e-01   3.8882598280906677e-02
43   -9.5556722904462676e-01  7.9282335599717313e-01   7.3764792447490246e-01   4.9961701035499573e-02
44   -1.7540949263861208e-01  1.2046951735858682e+00   1.5072466064648091e-01   3.8444101810455322e-02
45   -3.1125186016720546e-01  1.1010906358086481e+00  -4.1282458610569017e-01   4.6039801090955727e-02
46   -5.7911089763550638e-01  9.2121883569371543e-01   9.5782310055356187e-02   5.3741101175546653e-02
47   -1.0685519763316491e-01  1.2132174983736301e+00  -1.1607383268278539e+00   3.3000998198986053e-02
48   -3.6999821551405349e-01  1.0377682182954069e+00   5.8318909875187708e-01   4.2807798832654953e-02
49   -3.0104655098764064e-02  1.2382462030843022e+00   8.3651156040756725e-01   4.9699198454618447e-02
50   -8.7930003850430449e-01  7.6302903114231102e-01   1.6990316796383800e-01   3.6731500178575523e-02
51   -4.2714363711553816e-01  9.8659400893858140e-01   1.0135368346219045e-02   3.6679301410913467e-02
52   -7.2738166777271795e-01  8.6323161871584975e-01  -3.9158061012910284e-01   3.9652500301599503e-02
53    3.2867787845370630e-02  1.3075217027875614e+00  -4.2216518719368612e-01   4.4761698693037033e-02
54   -4.9477945460185258e-01  9.2882964937533585e-01   6.9423073491771470e-01   3.5395901650190353e-02
55   -2.3131342995987558e-01  1.0760406889242564e+00   1.1294538022486386e-01   3.8878798484802253e-02
56   -1.5657183434904712e-01  1.1195134880000250e+00   2.7218350665510765e-01   4.9809399992227547e-02
57   -8.0356256778781421e-01  7.8515844184917860e-01   5.9997647083962369e-01   4.4344499707221978e-02
58   -7.3649143272038642e-02  1.1499668739360915e+00   6.3563645921309553e-01   3.9920598268508911e-02
59   -2.8557272072611062e-01  1.0200204099651722e+00  -1.4703865773757974e-01   4.1753001511096947e-02
60   -9.4009186622297691e-01  6.9063346825285643e-01  -5.5815387886031598e-01   5.7564299553632743e-02
61   -6.4399474339107199e-01  8.4688051685420629e-01  -1.7013229119637385e-01   4.8202801495790482e-02
62   -3.4080477117778213e-01  9.5572324294913491e-01   5.4024023927618936e-01   4.6063799411058433e-02
63    4.3472562416386890e-02  1.1846682776163968e+00   4.2085755533934205e-01   4.3294198811054230e-02
64   -8.2959030682441903e-01  6.9268810385353319e-01   1.0127468203486363e+00   5.4527100175619132e-02
65    9.5619657777612416e-02  1.2494841917190385e+00   6.9369942503542481e-01   4.1532598435878747e-02
66   -4.1802743263004971e-01  9.0310508226633002e-01  -2.5179375750506766e-01   5.0395499914884567e-02
67    1.5449387216587421e-01  1.3125061846329540e+00   2.2818131904468363e-02   4.5756600797176361e-02
68   -7.1129332997939598e-01  7.7775528498024915e-01   5.8179306191784230e-01   5.0742700695991523e-02
69   -1.6820791384721989e-01  1.0099426496331210e+00   4.3101536502851062e-01   5.4026901721954353e-02
70   -5.1521032835463476e-01  8.4454863548436432e-01   7.7316050431840688e-01   4.8772800713777542e-02
71    1.5293960225704016e-04  1.1079332415451861e+00   2.5656031290378228e-01   4.6950899064540863e-02
72   -8.0622441271559320e-02  1.0608471686846819e+00   3.3243273313702609e-01   4.8165898770093918e-02
73    2.1728407059970747e-01  1.3647395695574460e+00   1.5264216798065662e+00   3.6244798451662057e-02
74   -2.4458599556875668e-01  9.4330390650892848e-01   2.0079448819115504e-02   4.8031598329544067e-02
75   -8.6360930622946408e-01  6.0587490728228599e-01   4.2910232202248912e-02   4.1847299784421921e-02
76   -7.3382577406265592e-01  6.9031819308351561e-01   1.1587240549329434e+00   4.3156098574399948e-02
77   -3.1384801344809921e-01  8.6921607880051210e-01   3.7756438048486141e-01   4.7130201011896133e-02
78   -5.8298287597950116e-01  7.7986915163140991e-01   1.4476570157633504e+00   4.5409400016069412e-02
79    1.7107220737720283e-01  1.2322408358175836e+00  -4.2173636648591756e-01   3.6867298185825348e-02
80    1.3574482264701507e-01  1.1435816666124581e+00   7.5086821283746566e-02   5.9770099818706512e-02
81   -3.8727639995226687e-01  8.2321393341571336e-01   4.0043485413300312e-01   4.1206900030374527e-02
82    2.4167667172960774e-01  1.2870771830761778e+00   4.2902432157340609e-01   4.5777000486850739e-02
83   -7.7499105585258810e-01  6.0923492874843188e-01  -3.0009250510976648e-02   5.0285398960113532e-02
84   -6.4412677205007884e-01  7.1462973745772784e-01   6.0213130178769581e-01   4.4642899185419083e-02
85   -6.8777348151687519e-03  1.0306800049828668e+00   2.1313173269462646e-01   3.2586101442575448e-02
86   -7.3254150997174430e-02  9.6994648462861266e-01   2.6962952038090696e-02   4.5446000993251801e-02
87   -1.4377855212458937e-01  9.1087918788062516e-01  -1.2786741837846141e-01   5.0112899392843253e-02
88    3.2413017377822806e-01  1.3239603300261300e+00   1.9970620734977429e-01   4.5341599732637412e-02
89    7.4839645134369651e-02  1.0640934053720301e+00   1.9943339533843157e-01   4.1740398854017258e-02
90   -4.5831661890712355e-01  7.6927799118179263e-01   2.4849332983876624e-01   4.8723701387643807e-02
91   -2.1939519276658051e-01  8.5147462102390759e-01   1.1833429902539473e-01   5.0400998443365097e-02
92   -6.8486857250202504e-01  6.2134625721488224e-01   8.1871377178127147e-01   4.4490199536085129e-02
93    2.4364522659395221e-01  1.1980247556705033e+00  -9.0139888025241727e-02   4.4735800474882133e-02
94   -9.5088759401289047e-01  5.8735282529224553e-01  -1.2284886758315532e+00   5.1064398139715188e-02
95   -2.8168661277874429e-01  7.8683208623919876e-01   2.6318713447699368e-02   4.3752301484346390e-02
96    4.0617144702836461e-01  1.3645103591196037e+00   4.9300088998301454e-02   4.5625399798154831e-02
97   -5.3503333345825732e-01  7.0443067042150576e-01  -1.3668620395701661e-01   4.7278899699449539e-02
98   -3.6056809505509141e-01  7.3636692816598937e-01   1.1492824798199422e-01   5.5876601487398148e-02
99    3.2088182634477613e-01  1.2363795142227192e+00   2.3362657130847692e-02   4.3005600571632392e-02
100   2.5754514165924752e-02  9.4723013414297774e-01   1.9062660898022715e-01   5.9327200055122382e-02
101  -7.6280563059155204e-01  5.1964558865903376e-01   4.2248344901104917e-01   4.6266898512840271e-02
102  -5.5509872901810767e-02  8.7458991357995963e-01   2.5087268789175254e-01   4.7240801155567169e-02
103   2.3748019418306202e-01  1.1054108526142636e+00   1.7219768337148703e-01   5.0361000001430511e-02
104   9.9652416662583010e-02  9.9671351045928203e-01  -9.2802268645908348e-02   3.2842498272657387e-02
105   1.6500240278766976e-01  1.0408844273488176e+00  -2.8417476190015817e-01   4.9224998801946640e-02
106  -5.9893064144144736e-01  6.3841640768406827e-01   3.6399387541843781e-01   4.7531101852655411e-02
107  -1.3231477716067411e-01  8.1982408028558451e-01   6.5334173450545885e-01   4.3240498751401901e-02
108   3.9939818900121260e-01  1.2749423508742004e+00  -1.9662545638897775e-03   4.5253500342369080e-02
109  -1.9753320985549613e-01  7.5767648057799564e-01   2.5133407358339122e-01   4.9334600567817688e-02
110  -8.7291937093070893e-01  5.0429956120553499e-01   1.0350190159094859e+00   6.2925800681114197e-02
111  -4.4176162220322412e-01  6.6863766841364269e-01  -1.8901383275116113e-01   5.6368298828601837e-02
112   3.1643014905470312e-01  1.1524641815649248e+00  -2.4476492092074117e-01   4.1626401245594018e-02
113   4.7971576660016013e-01  1.3124142213995711e+00   1.3193724771579840e-01   4.4743001461029053e-02
114  -2.7485466867720276e-01  6.9505219480280866e-01  -3.4454734581694341e-01   4.2599599808454507e-02
115  -5.1511678513600212e-01  6.0427167107043445e-01   4.7444146624911820e-01   4.7241199761629098e-02
116  -6.7359767322654041e-01  5.3431788790571066e-01   1.1364986375558546e+00   4.6933200210332870e-02
117  -9.6560162076828870e-01  5.1218898147733294e-01  -9.2390827919733487e-01   3.1889598816633218e-02
118   3.9065289545415560e-01  1.1903597080205885e+00   3.5865522049905375e-02   4.1898798197507858e-02
119   2.7801752419363460e-02  8.5069617566340783e-01  -2.5636254432609529e-01   4.1504200547933578e-02
120   1.9660862991655179e-01  9.7009155547427584e-01   3.4277811181521878e-01   3.1391900032758713e-02
121  -5.4890661657533167e-02  7.8285535147800844e-01  -1.3511091250715554e-01   4.5347601175308228e-02
122   1.3212884078348605e-01  9.2175141760732704e-01   1.3375244846209972e-01   5.1701698452234268e-02
123  -3.4633111962328095e-01  6.4125734230764431e-01  -2.5911977754689108e-01   4.5560400933027267e-02
124   2.4648510705618687e-01  1.0174527564006384e+00   7.2039822589920111e-01   3.6095000803470612e-02
125  -1.1691839108482362e-01  7.1864849661857588e-01  -2.1859501638871942e-01   4.2890500277280807e-02
126   5.7080228300233249e-01  1.2986018343093750e+00   1.6584364308075001e+00   4.8718899488449097e-02
127   3.2857493995939535e-01  1.0574070719828002e+00   2.1715637386647374e-01   5.5506698787212372e-02
128  -7.0549856872368710e-01  4.5534518334196367e-01  -2.0014412146551124e-02   4.3062601238489151e-02
129  -5.8554798217660764e-01  5.4781914881082805e-01  -3.1581860744762108e-01   4.7043599188327789e-02
130   5.0109170388480107e-01  1.2157287386710445e+00  -4.6548309130052912e-01   5.4010499268770218e-02
131  -1.9167028512490444e-01  6.6385865151861934e-01  -4.1395072641115638e-01   4.9702201038599007e-02
132   4.0910069588284897e-01  1.1103985809663555e+00   4.7099738903374944e-01   4.3026700615882867e-02
133   6.0348345013518745e-01  1.2079299539322841e+00  -1.1837303814118063e+00   4.9197301268577583e-02
134  -4.2862559584352700e-01  5.7115889058254166e-01   4.1375253750720065e-01   4.6667598187923431e-02
135   1.1557644328238327e-01  8.2319179608599125e-01  -2.3082981359272080e-02   5.1698900759220123e-02
136  -2.6574682653352144e-01  6.0929168313857529e-01   6.8058926444702827e-01   4.4137999415397637e-02
137   3.5564971620482153e-02  7.6482896159138647e-01   1.9813910799216469e-01   4.9622599035501480e-02
138   2.6817443697666893e-01  9.3202308868006978e-01   1.4028918605901639e-02   5.2964098751544952e-02
139  -3.0156497674803825e-02  6.9129826270698269e-01   1.1420139559501549e-02   5.0864998251199722e-02
140   2.0308303821733600e-01  8.7524061430290290e-01  -1.1626422660365376e-02   3.5146299749612808e-02
141  -7.3271197057572068e-01  3.9403540175195478e-01  -1.3768155586465081e+00   2.9981799423694611e-02
142  -5.0055660660399526e-01  5.1668239372839952e-01   6.4517072672333947e-02   4.5983098447322852e-02
143  -3.3721189569943472e-01  5.5248554744441369e-01   4.7387990837703414e-01   4.9169801175594330e-02
144   4.8245959388106846e-01  1.1303013312681678e+00   2.0554729717494230e-01   3.4975301474332809e-02
145   3.5544274029237305e-01  9.6718609296188995e-01  -4.5573564580713669e-02   4.2597301304340363e-02
146  -6.4036959436521812e-01  4.2495818317617412e-01   9.7325095506139270e-01   3.2658301293849952e-02
147   6.6456738559750350e-01  1.2919606281875951e+00   1.0665640098963614e+00   4.6258099377155297e-02
148  -1.0325478681708815e-01  6.2519452671850140e-01   3.8545460376233454e-01   5.1220599561929703e-02
149   4.3347910928768185e-01  1.0190817795285285e+00   5.6980021769169803e-02   5.4177198559045792e-02
150   5.5914348374341183e-01  1.1294362912805831e+00   8.4170260205948511e-01   4.3005898594856262e-02
151  -1.9219048843285963e-01  5.8129312316701975e-01   6.9984975641737013e-01   3.7670798599720001e-02
152  -5.6858130454680400e-01  4.5622761686284180e-01   5.6769183226323450e-01   5.0173599272966378e-02
153   5.1242632656238285e-01  1.0648430180355972e+00  -1.0426587049256812e-01   3.8602899760007858e-02
154  -7.9014057499006596e-01  4.3909661046562393e-01  -1.9424609019708234e+00   4.4576801359653473e-02
155   1.3699243726110930e-01  7.3459829003437660e-01   2.3589491972620349e-01   4.2684998363256448e-02
156  -2.4979537958394402e-01  5.2529175598390909e-01  -4.4783211071755778e-02   4.2408201843500137e-02
157   2.0797938164511109e-01  7.9683179743371202e-01  -1.8983721312391126e-03   4.5948300510644913e-02
158   7.2773046983002598e-01  1.3581878055095209e+00   6.4651659691610708e-01   4.5993201434612267e-02
159   2.7718066830595300e-01  8.4229409080941386e-01  -1.8094685084894566e-01   3.8570798933506012e-02
160   6.9900610706757238e-01  1.2057069215893326e+00   2.5530443356433508e-01   4.7829698771238327e-02
161   6.6990521521645488e-02  6.7531879480734258e-01   2.5259037058423517e-01   5.1027398556470871e-02
162   3.5128570280659799e-01  8.8315267537376496e-01  -2.0971207366334960e-01   4.6543098986148827e-02
163  -4.0817035593031331e-01  4.6616273112387435e-01  -6.2144893102188424e-02   6.4505197107791901e-02
164  -3.1133815707408580e-01  4.7627236559795083e-01  -3.7772988404979163e-01   3.7697099149227142e-02
165   5.8679976624291008e-01  1.0561136227889627e+00  -6.6953537619725967e-01   3.6786198616027832e-02
166   4.2964573609604007e-01  9.2566368297308199e-01  -3.7821018290553149e-01   4.0916200727224350e-02
167   7.1159538533709750e-03  6.0249025345785678e-01  -6.4471593805532051e-02   4.6045001596212387e-02
168   7.6548136607488548e-01  1.2735403057590704e+00   2.5319868681800434e-01   4.7668199986219413e-02
169  -4.9493065173415768e-01  4.0043128601853295e-01  -2.8242288319489339e-01   4.4317699968814850e-02
170   6.5137075488698526e-01  1.1216918461943932e+00  -5.2650238836494667e-01   5.0411999225616462e-02
171   5.2860722607261523e-01  9.7809136469441227e-01   2.4526847892572690e-02   5.1911901682615280e-02
172  -6.0404404699220753e-02  5.3831142573792345e-01   5.1915059518320442e-02   5.0811298191547387e-02
173  -1.5759017375231046e-01  5.0302810557232736e-01  -1.7954631673965440e-01   5.3685799241065979e-02
174   2.1336789600316688e-01  7.1731492344672609e-01  -1.6721719281586212e-02   3.7521298974752433e-02
175   2.7826080873123565e-01  7.4551672760008036e-01  -2.2327776024222964e-01   3.6392800509929657e-02
176  -2.4519437679640152e-01  4.3747894070206916e-01   1.7914865569183969e-01   4.6110298484563828e-02
177   3.4826471358425659e-01  7.9135659865617813e-01   1.0740946149755198e-01   5.0510298460721970e-02
178   1.6449849995389149e-01  6.4220529747964050e-01  -1.3266394731810055e-01   5.6375898420810699e-02
179  -6.7481182094220837e-01  3.7206497341685768e-01  -5.0229324461935576e-01   3.3988498151302338e-02
180   6.0319592861665638e-01  9.9680992253492151e-01   6.2744462377351665e-02   2.6646699756383899e-02
181   8.4352504963112951e-01  1.3202931314940560e+00   1.4076278904407796e-01   4.3811399489641190e-02
182   8.6993215737556459e-02  5.9622294118319574e-01  -9.8507993741343017e-02   3.5849701613187790e-02
183  -3.2444092048585943e-01  4.0077828053195563e-01   2.3230626514021138e-01   4.2442299425601959e-02
184   7.9062651802497408e-01  1.1819341705882960e+00   3.8151736889075405e-01   4.8912201076745987e-02
185   4.2938384131837143e-01  8.4129477368767447e-01   7.2560696042077877e-02   4.5253299176692963e-02
186   6.5907371881060028e-01  1.0355039638176340e+00   2.1502101776958740e-02   3.8810301572084427e-02
187   5.0562377254848001e-01  8.8572499109908531e-01  -2.3404845083960796e-01   4.5792400836944580e-02
188  -5.8546639414335255e-01  3.5378229702165437e-01  -6.6443691798658355e-01   5.8810200542211533e-02
189  -4.0903143188324548e-01  3.5160784967786540e-01   3.0361275728863935e-01   5.7099200785160058e-02
190  -4.3483999885044243e-03  4.7934886575227376e-01   2.3135366217575815e-01   3.2724000513553619e-02
191   2.7507951422839483e-01  6.6307582362547823e-01  -2.3219977405306520e-02   4.7443501651287079e-02
192   1.4134003310215501e-01  5.5148586178547421e-01  -6.5541286626652473e-01   3.8571000099182129e-02
193   8.6801808787759260e-01  1.2340764099514965e+00  -4.4323854659583894e-01   4.6789098531007767e-02
194  -7.5461248391371125e-02  4.4399381819132022e-01  -1.6777860719891216e-01   5.0766501575708389e-02
195   5.8766122776339014e-01  9.1303469499111511e-01   3.4484308163060851e-01   3.8732498884201050e-02
196   7.6738348952058333e-01  1.0918343373667503e+00  -1.0181993088336045e+00   4.6964399516582489e-02
197   6.0654699341728333e-02  5.2113425004088221e-01  -1.1397568335626496e-01   4.8358399420976639e-02
198  -1.6154343278145120e-01  4.0327786433836016e-01   2.1831327649328744e-01   5.1073599606752403e-02
199  -2.3849374096188553e-01  3.4804012535635664e-01   4.8720034891348407e-01   4.5708898454904563e-02
200   3.5679861922171074e-01  7.0184173539466788e-01  -9.7785397700903470e-02   4.4009201228618622e-02
201   2.0302732633537085e-01  5.7553243103565455e-01   1.2305903342927133e-01   2.7545800432562832e-02
202   6.5857693745424861e-01  9.5394740370496067e-01  -2.1316912932053084e-01   4.5701500028371811e-02
203   4.3743018437511361e-01  7.4961133224657661e-01   1.8083833371528871e-01   5.0823200494050980e-02
204  -3.1958508346692349e-01  3.1888816229077088e-01  -7.9474785698953954e-01   4.3291799724102020e-02
205   5.0514658967432380e-01  7.9931550002296281e-01   3.6750396551522352e-01   3.5555399954319000e-02
206  -5.1569337588828368e-01  2.9608705193928586e-01  -3.8371286626885553e-01   3.5911399871110923e-02
207   8.6202606227107648e-01  1.1140272298555467e+00   8.7803933714903115e-01   5.1119200885295868e-02
208   9.5211749356128939e-01  1.2765062747395672e+00  -1.1531574742308530e-02   4.9050901085138321e-02
209   5.7613995194359513e-01  8.3329859857579558e-01  -1.1044926505095069e-01   4.5145101845264428e-02
210   7.4099155698814756e-01  1.0014661958723825e+00   3.1965364537531743e-01   5.0566498190164573e-02
211   1.3313476872595878e-01  4.7667336808561245e-01  -2.2185287557771929e-01   3.8974698632955551e-02
212   2.7567801337341341e-01  5.6851736298652666e-01   6.8211042426630619e-02   4.9835398793220520e-02
213  -8.6245694553643434e-02  3.5569591224597763e-01   4.5033253244414834e-01   3.9930298924446113e-02
214   5.0623473204987349e-02  4.3703564976514286e-01  -8.8672467623047410e-02   3.9429601281881332e-02
215   6.5544371804475798e-01  8.6632459290319153e-01   1.9456605520610734e-01   4.4321898370981223e-02
216   2.0704286843610620e-01  5.1269634077816895e-01  -2.2086302591960030e-01   4.1613798588514328e-02
217   3.5457494446464916e-01  6.1568157785681243e-01   1.2987983898541564e-01   4.7000199556350708e-02
218  -9.9433449608541356e-03  3.8381648533380569e-01  -9.8926340773723542e-03   4.5344300568103790e-02
219  -4.4563880016152430e-01  2.6517221366166921e-01  -8.4035163911422128e-01   4.5014001429080963e-02
220   8.6689664029672797e-01  1.0196664379789644e+00  -9.1693698891566122e-01   4.5630600303411477e-02
221  -2.6161644565992637e-01  2.6900014460481103e-01   2.9339692848798410e-01   3.8878701627254493e-02
222  -1.5593067837673455e-01  3.1609533117089672e-01  -2.1428333871413957e-01   4.4725701212883003e-02
223   4.3246051672093599e-01  6.5985704122603261e-01  -1.7718829546715453e-01   4.3741799890995033e-02
224   9.4720725781000115e-01  1.1736883890970642e+00  -4.2024471035904021e-01   5.4341599345207207e-02
225   5.0788308905193225e-01  6.9518734853669928e-01  -2.4055302706539702e-01   4.1062798351049423e-02
226   7.3522443301910245e-01  9.0782921812807804e-01  -3.9328128959708458e-01   4.6920001506805420e-02
227   5.6546003045995630e-01  7.5096270972771006e-01   1.3652808794057586e-01   4.2828600853681557e-02
228  -3.5814397919621843e-01  2.3495392617889710e-01   2.3674463318215475e-01   5.2291400730609887e-02
229   6.5627344437550861e-01  7.7067049682731792e-01  -8.5256214031765354e-01   5.2346501499414437e-02
230   1.1946024744054634e-01  3.9586998709641930e-01  -1.0435474903104067e-01   4.5311100780963898e-02
231   8.2166409760129355e-01  9.4108344109506692e-01  -2.6721322455830748e-01   4.7686699777841568e-02
232   2.0556034179046864e-01  4.2670000124742669e-01   3.2944078624083745e-01   5.1523499190807343e-02
233   2.8433181728704193e-01  4.7781282843459777e-01  -2.4903650968508936e-01   4.5548800379037857e-02
234   3.5987543214456658e-01  5.2363851899480285e-01   2.0631199232780903e-01   4.7072999179363251e-02
235   5.6986203837452919e-02  3.4104028772599371e-01   2.4587541339594014e-02   4.0944799780845642e-02
236  -2.4356801724561106e-02  2.9554831487995109e-01   6.0379759361660873e-02   4.8881601542234421e-02
237  -1.0005962871184916e-01  2.5905109532153897e-01   4.0047789175220179e-02   3.8607001304626458e-02
238   4.3332990968687873e-01  5.7434192246404059e-01  -6.9251138039621352e-02   4.7029498964548111e-02
239   9.6257238683428425e-01  1.0845092036548467e+00   9.1071802819824654e-01   3.8073498755693443e-02
240   5.1410334204626873e-01  6.1475413627440290e-01   3.2990408799375864e-01   4.3475501239299767e-02
241  -1.8426324911799374e-01  2.3440057051396243e-01   6.4614869651944642e-02   5.1032498478889472e-02
242   7.2481696620899538e-01  8.2681530423373595e-01  -1.0843872627118867e-01   3.8875501602888107e-02
243   5.9327821192715535e-01  6.6916418070253680e-01   1.7122607519286837e-01   4.7825701534748077e-02
244   8.0359443227385829e-01  8.5570157242374278e-01   2.2874817671998898e-01   4.2074698954820633e-02
245   9.5554214635055235e-01  1.0022066206981530e+00  -7.0677549008051532e-01   4.6686198562383652e-02
246   6.7725995611758016e-01  6.8501373039570279e-01   1.0946044695664294e+00   3.8625400513410568e-02
247  -2.7582264173029347e-01  1.8755880641474951e-01  -2.3086873950257639e-01   4.7644201666116708e-02
248   5.7799615124334527e-02  2.5768120751479073e-01  -3.8191434264478623e-02   4.5346401631832123e-02
249   1.3459988608955448e-01  3.0718335746039827e-01   5.5053640651997873e-02   4.9404799938201897e-02
250   3.7036311247977372e-01  4.3557726590551843e-01  -1.6154323329144196e-01   4.4955201447010040e-02
251   4.3777071312218713e-01  4.7836039693095489e-01   1.7430085335305076e-01   3.8936398923397057e-02
252   7.8416565227000767e-01  7.7332090201830372e-01   1.4514558058301841e+00   4.6209000051021583e-02
253   2.9385036934073655e-01  3.9030590352504618e-01   2.4427697061426515e-01   4.7985501587390900e-02
254   2.2375073359627387e-01  3.3556834788147488e-01  -2.7258609852555049e-01   4.7932099550962448e-02
255  -2.6719611619626261e-02  2.1036104755142812e-01   2.7225978995058681e-01   4.1434299200773239e-02
256  -1.0512823802488648e-01  1.7111303992929938e-01  -1.0561247833617349e-01   5.2470099180936813e-02
257   5.0738704121342637e-01  5.2605149591226918e-01   3.3326610730347361e-01   4.9313999712467187e-02
258   9.1618162492391420e-01  9.1583224027400900e-01  -6.1833683151908889e-02   5.1316600292921073e-02
259   5.9880021854937060e-01  5.7510721982028434e-01   1.6525895237743804e-01   5.1013000309467323e-02
260  -1.9509697431209283e-01  1.4428651105921811e-01  -5.4991500305723806e-01   4.9675200134515762e-02
261   6.9092537502818430e-01  6.0411015436909787e-01  -7.0761643694595233e-01   4.6420399099588387e-02
262   8.8507514798410813e-01  8.2523357386989959e-01   9.1794281998053551e-01   4.7655098140239723e-02
263   7.7850269374019254e-01  6.8454436240191041e-01  -1.3549684531736275e+00   4.8244800418615341e-02
264   4.4598070394732303e-01  3.9922256495654396e-01  -6.1701830354053189e-01   4.0181100368499763e-02
265   4.6125192960443866e-02  1.6854875854275705e-01  -1.5364462384191607e-01   4.8989601433277130e-02
266   2.8924875598945293e-01  2.6843449159422245e-01   9.2886378786919091e-02   4.6351101249456413e-02
267   3.7385593826280977e-01  3.4122156310474944e-01  -2.4524207976546392e-01   5.3014401346445077e-02
268   1.3475066452183937e-01  2.2034724969439615e-01  -1.9321312902557863e-01   4.2590498924255371e-02
269   2.0393806251098773e-01  2.5906104753767228e-01  -2.1701778802346924e-01   4.0274899452924728e-02
270   9.6608028546399760e-01  8.4751670817315439e-01   9.1947867229313762e-01   3.4881498664617538e-02
271   8.6844034291544414e-01  7.2991383047341374e-01  -9.7441367320907180e-01   5.2380900830030441e-02
272  -3.0109535797742833e-02  1.2436719210559603e-01   1.2603787423606622e-01   4.1873998939990997e-02
273   5.2575630211930557e-01  3.9098673901784259e-01  -2.3585648922951513e-01   4.1143801063299179e-02
274   6.7264737265977337e-01  5.1983449077338351e-01   4.2256003694730443e-01   4.3051600456237793e-02
275  -1.5074017149241473e-01  5.3957142342569632e-02   4.1415063956057135e-01   5.2537001669406891e-02
276   5.8972136218818061e-01  4.6897420884521590e-01  -6.5376275467323497e-01   6.0173600912094123e-02
277   7.7800059632017837e-01  5.9918680223759646e-01   1.5142279432577439e+00   4.3046299368143082e-02
278   9.5655530216574458e-01  7.6872725277215403e-01  -1.0434331854508774e+00   4.5951198786497123e-02
279   8.6232490972771370e-01  6.3223250210588133e-01   1.0317241072518564e+00   4.9908101558685303e-02
280   1.3274708738452082e-01  1.3298152756573112e-01   3.9825366278454533e-01   5.1502399146556847e-02
281   4.7002141780724663e-02  5.9244328780928772e-02  -1.6580289614589971e-01   6.4204998314380646e-02
282   9.5189631632811378e-01  6.7408009232069854e-01   1.0393455803865315e+00   5.0633899867534637e-02
283   7.5584092856836649e-01  5.1940402520188034e-01  -1.9659967239436840e+00   4.5928798615932458e-02
284   2.3022669650404429e-01  1.7325116645677593e-01   4.1464821010557162e-01   5.9357199817895889e-02
285  -5.7615265810856658e-02  4.2785084008010378e-02   3.9458927885290074e-01   4.5833200216293328e-02
286   3.8237733252278189e-01  2.4312551842231278e-01   6.2794075749611356e-01   5.0846099853515632e-02
287   4.7527207987221504e-01  3.0275828861478915e-01   4.8515020887341614e-01   6.1534699052572250e-02
288   3.1751522854691305e-01  1.9430764473895623e-01  -2.4127339599754886e-02   3.4206200391054153e-02
289   8.4247628813712205e-01  5.4448379754451637e-01  -1.7932722721346026e+00   4.4288400560617447e-02
290   6.2071573684711923e-01  3.6593719706331906e-01   9.5290324599612541e-01   5.8266099542379379e-02
291   5.6059672386016668e-01  3.0949180093621598e-01  -2.9999810377896319e-01   3.0278099700808529e-02
292   9.4569262941819143e-01  5.6945869468088495e-01  -1.1474460157517177e+00   5.6546799838542938e-02
293   1.5519894971535253e-01  4.2844856979461145e-02  -1.2899758418266544e-01   5.0725899636745453e-02
294   7.1925576013916825e-01  4.2373180694291507e-01   9.0250502801029764e-01   5.9354901313781738e-02
295   8.2024331998039934e-01  4.5811513708916535e-01   1.1623003142312076e+00   4.9243301153182983e-02
296   9.0068510648038169e-01  4.8941567377363060e-01   1.2692351885842041e+00   3.8894999772310257e-02

%WALLS.LINE
6
1  -0.20  0.00 -0.20  0.10
2   0.20  0.00  0.20  0.10
3  -0.20  0.10 -1.00  0.50
4   0.20  0.10  1.00  0.50
5  -1.00  0.50 -1.00  1.50
6   1.00  0.50  1.00  1.50
