%PARTICLES.SPHERE
16
1    0.560000  0.560000   0.000000   0.028575
2    1.680000  0.560000   0.000000   0.028575
3    1.729494  0.588575   0.000000   0.028575
4    1.729494  0.531425   0.000000   0.028575
5    1.778987  0.617150   0.000000   0.028575
6    1.778987  0.560000   0.000000   0.028575
7    1.778987  0.502850   0.000000   0.028575
8    1.828481  0.645725   0.000000   0.028575
9    1.828481  0.588575   0.000000   0.028575
10   1.828481  0.531425   0.000000   0.028575
11   1.828481  0.474275   0.000000   0.028575
12   1.877974  0.674300   0.000000   0.028575
13   1.877974  0.617150   0.000000   0.028575
14   1.877974  0.560000   0.000000   0.028575
15   1.877974  0.502850   0.000000   0.028575
16   1.877974  0.445700   0.000000   0.028575

%WALLS.LINE
22
1    0.0827  0.0000  1.0535  0.0000
2    1.1865  0.0000  2.1573  0.0000
3    0.0000  0.0827  0.0000  1.0373
4    2.2400  0.0827  2.2400  1.0373
5    0.0827  1.1200  1.0535  1.1200
6    1.1865  1.1200  2.1573  1.1200
7    0.0000  0.0827 -0.0510  0.0317
8    0.0827  0.0000  0.0317 -0.0510
9    1.0535  0.0000  1.0635 -0.0510
10   1.1865  0.0000  1.1765 -0.0510
11   2.1573  0.0000  2.2083 -0.0510
12   2.2400  0.0827  2.2910  0.0317
13   0.0000  1.0373 -0.0510  1.0883
14   0.0827  1.1200  0.0317  1.1710
15   1.0535  1.1200  1.0635  1.1710
16   1.1865  1.1200  1.1765  1.1710
17   2.1573  1.1200  2.2083  1.1710
18   2.2400  1.0373  2.2910  1.0883
19  -0.8000  0.5440  0.4000  0.5550
20  -0.8000  0.5760  0.4000  0.5650
21  -0.8000  0.5440 -0.8000  0.5760
22   0.4000  0.5550  0.4000  0.5650

%MODELPART
NAME stick
PARTICLES 0
WALLS 4
19 20 21 22
